# x y z yaw pitch -- recorded route, replay with MW2_WALK_PATH; `left`/`fire` lines are presses
368.9 2024.2 52.3 120.0 0.0
277.5 2024.2 52.8 180.0 0.0
192.1 2061.2 57.5 180.0 0.0
111.6 2106.1 58.3 180.0 0.0
21.3 2112.5 57.2 180.0 0.0
-86.6 2112.5 57.7 180.0 0.0
-177.0 2112.5 57.3 180.0 0.0
-267.5 2112.4 57.5 202.3 0.0
-355.6 2092.4 60.1 206.5 0.0
-445.0 2104.8 59.5 206.5 0.0
-548.1 2135.2 59.4 208.7 0.0
-655.0 2142.8 60.6 237.0 0.0
-734.2 2077.3 60.6 263.9 0.0
-742.7 1984.4 59.9 273.4 0.0
-747.7 1879.2 82.3 261.1 7.4
-831.8 1816.3 91.4 261.1 7.4
-864.5 1731.4 90.1 261.1 7.4
-868.6 1624.7 72.9 276.7 7.4
-860.6 1518.7 59.0 276.7 7.4
-874.0 1417.3 59.4 276.7 7.4
-942.5 1358.2 68.1 276.7 7.4
-949.4 1247.0 66.9 276.7 7.4
-863.6 1188.8 57.8 276.7 7.4
-810.9 1097.5 57.6 276.7 7.4
-770.6 1013.9 54.9 276.7 7.4
-759.4 924.2 53.5 261.3 6.2
-778.7 817.7 53.1 246.0 6.2
-839.2 728.8 55.3 246.0 6.2
-861.1 640.8 55.5 285.5 6.2
-834.1 536.4 54.5 212.3 1.0
-807.7 448.6 58.6 205.6 358.8
-817.1 358.1 59.1 177.8 358.8
-908.6 361.0 68.1 177.8 358.8
-998.6 363.1 67.3 177.8 358.8
-1088.7 365.2 66.1 177.8 358.8
-1194.0 367.7 75.3 177.8 358.8
-1297.1 369.0 126.5 177.8 358.8
-1401.0 370.2 179.0 177.8 358.8
-1496.5 355.9 212.1 116.0 358.8
-1590.2 357.3 212.1 128.2 359.1
-1683.8 303.6 212.1 212.8 0.1
-1773.7 276.9 212.1 190.6 0.1
-1791.2 183.1 212.1 262.1 6.6
-1784.8 93.2 212.1 239.8 6.6
-1772.4 3.2 212.1 165.8 6.6
-1836.8 -62.5 212.1 165.8 6.6
-1937.8 -79.8 197.0 165.8 6.6
-2035.2 -91.1 148.3 160.7 6.6
-2125.4 -106.8 103.2 121.1 6.6
-2218.5 -77.4 68.1 64.0 6.6
-2268.3 3.2 68.1 14.3 6.6
-2186.9 63.8 60.1 354.2 1.6
-2096.4 62.1 60.1 354.2 1.6
-2006.1 71.8 60.1 354.2 1.6
-1920.0 98.8 60.1 354.2 1.6
-1830.0 92.5 60.1 354.2 1.6
-1737.5 39.1 60.1 354.2 1.6
-1649.7 14.1 60.1 354.2 1.6
-1546.8 51.3 60.1 349.1 1.6
-1488.8 138.2 60.1 320.5 1.6
-1385.7 154.3 60.1 309.9 1.6
-1293.8 138.9 59.6 287.7 1.6
-1253.0 55.6 60.7 268.7 1.6
-1231.6 -48.6 67.3 -91.3 1.6
-1213.6 -154.6 68.1 249.7 1.6
-1245.9 -256.0 60.3 234.4 1.6
-1300.5 -329.3 60.3 208.4 1.6
-1397.5 -377.5 59.0 189.4 1.6
-1519.7 -398.8 60.7 189.4 1.6
-1627.0 -390.2 59.1 237.8 1.6
-1721.5 -392.6 60.1 268.8 1.6
-1782.4 -459.1 60.1 291.1 1.6
-1757.3 -561.8 59.6 295.4 1.6
-1746.7 -653.0 58.9 317.7 1.6
-1689.1 -724.1 59.9 317.7 1.6
-1616.7 -784.7 60.0 282.6 1.6
-1635.9 -873.6 60.1 305.0 1.6
-1620.0 -962.5 60.1 332.6 1.6
-1604.3 -1053.5 60.1 5.6 1.6
-1534.6 -1112.2 60.1 44.9 1.6
-1451.9 -1071.3 56.8 58.2 1.6
-1400.7 -990.1 28.8 77.0 1.6
-1425.3 -902.7 35.9 56.0 1.6
-1398.8 -793.6 43.1 20.2 1.6
-1305.8 -768.6 43.6 6.0 1.6
-1200.5 -763.6 44.1 347.5 1.6
-1095.4 -742.1 44.1 347.5 1.6
-1009.9 -712.4 44.1 322.2 1.6
-942.8 -773.1 43.1 282.1 1.6
-874.6 -857.8 38.3 282.1 1.6
-845.3 -943.9 32.6 282.1 1.6
-844.9 -1034.1 27.1 324.8 1.6
-814.0 -1136.9 27.1 355.9 1.6
-727.1 -1163.0 26.8 355.9 1.6
-637.0 -1159.0 26.6 18.6 1.6
-549.1 -1138.4 27.0 9.1 1.6
-458.7 -1130.8 28.1 358.9 1.6
-362.5 -1169.0 60.1 352.8 1.6
-271.3 -1168.2 60.1 278.6 1.6
-178.1 -1194.7 60.1 256.2 1.6
-195.5 -1289.2 60.1 256.2 1.6
-228.5 -1392.1 60.1 256.2 1.6
-267.9 -1491.6 60.7 277.9 1.6
-279.0 -1597.6 60.8 304.5 1.6
-237.9 -1698.9 59.0 338.8 1.6
-167.9 -1756.0 59.8 1.1 1.6
-86.2 -1797.7 60.7 1.1 1.6
-10.6 -1849.7 60.9 351.4 354.9
94.9 -1831.8 59.1 348.0 336.2
187.4 -1820.3 60.3 348.0 336.2
292.3 -1833.5 60.1 321.8 344.8
382.2 -1827.5 60.1 284.5 344.8
468.7 -1863.6 61.8 247.4 344.8
