# seconds x y z yaw pitch -- recorded flight, replay with MW2_FLY_PATH
0.000 0.0 0.0 0.0 0.00 0.00
0.050 0.0 0.0 0.0 0.00 0.00
0.100 0.0 0.0 0.0 0.00 0.00
0.150 0.0 0.0 0.0 0.00 0.00
0.200 0.0 0.0 0.0 0.00 0.00
0.251 0.0 0.0 0.0 0.00 0.00
0.301 0.0 0.0 0.0 0.00 0.00
0.351 0.0 0.0 0.0 0.00 0.00
0.401 0.0 0.0 0.0 0.00 0.00
0.451 0.0 0.0 0.0 0.00 0.00
0.501 0.0 0.0 0.0 0.00 0.00
0.551 0.0 0.0 0.0 0.00 0.00
0.601 0.0 0.0 0.0 0.00 0.00
0.651 0.0 0.0 0.0 0.00 0.00
0.701 0.0 0.0 0.0 0.00 0.00
0.751 0.0 0.0 0.0 0.00 0.00
0.801 0.0 0.0 0.0 0.00 0.00
0.852 0.0 0.0 0.0 0.00 0.00
0.902 0.0 0.0 0.0 0.00 0.00
0.952 0.0 0.0 0.0 0.00 0.00
1.002 0.0 0.0 0.0 0.00 0.00
1.052 0.0 0.0 0.0 0.00 0.00
1.102 0.0 0.0 0.0 0.00 0.00
1.152 0.0 0.0 0.0 0.00 0.00
1.202 0.0 0.0 0.0 0.00 0.00
1.252 0.0 0.0 0.0 0.00 0.00
1.302 0.0 0.0 0.0 0.00 0.00
1.352 0.0 0.0 0.0 0.00 0.00
1.402 0.0 0.0 0.0 0.00 0.00
1.452 0.0 0.0 0.0 0.00 0.00
1.502 0.0 0.0 0.0 0.00 0.00
1.553 0.0 0.0 0.0 0.00 0.00
1.603 0.0 0.0 0.0 0.00 0.00
1.653 0.0 0.0 0.0 0.00 0.00
1.703 0.0 0.0 0.0 0.00 0.00
1.753 0.0 0.0 0.0 0.00 0.00
1.803 0.0 0.0 0.0 0.00 0.00
1.853 0.0 0.0 0.0 0.00 0.00
1.903 0.0 0.0 0.0 0.00 0.00
1.953 0.0 0.0 0.0 0.00 0.00
2.003 0.0 0.0 0.0 0.00 0.00
2.053 0.0 0.0 0.0 0.00 0.00
2.103 0.0 0.0 0.0 0.00 0.00
2.154 0.0 0.0 0.0 0.00 0.00
2.204 0.0 0.0 0.0 0.00 0.00
2.254 0.0 0.0 0.0 0.00 0.00
2.304 0.0 0.0 0.0 0.00 0.00
2.354 0.0 0.0 0.0 0.00 0.00
2.404 0.0 0.0 0.0 0.00 0.00
2.454 0.0 0.0 0.0 0.00 0.00
2.504 0.0 0.0 0.0 0.00 0.00
2.554 -1322.0 -4528.8 26.6 133.65 0.00
2.604 -1316.0 -4541.0 24.0 110.30 -5.55
2.654 -1316.0 -4541.0 24.0 110.30 -5.55
2.704 -1316.0 -4541.0 24.0 110.30 -5.55
2.754 -1316.0 -4541.0 24.0 110.30 -5.55
2.805 -1316.0 -4541.0 24.0 110.30 -5.55
2.855 -1316.0 -4541.0 24.0 110.12 -14.50
2.905 -1313.1 -4546.8 22.8 109.98 -21.33
2.955 -1313.1 -4546.8 22.8 109.99 -21.32
3.005 -1313.0 -4546.8 22.8 110.22 -21.30
3.055 -1305.9 -4540.8 22.8 135.39 -21.29
3.105 -1305.9 -4540.8 22.8 136.99 -21.28
3.155 -1305.9 -4540.8 22.8 137.00 -21.27
3.205 -1305.9 -4540.8 22.8 137.00 -21.27
3.255 -1305.9 -4540.8 22.8 137.00 -21.26
3.306 -1305.9 -4540.8 22.8 137.00 -21.24
3.356 -1305.9 -4540.8 22.8 137.01 -21.23
3.406 -1305.9 -4540.8 22.8 137.01 -21.22
3.456 -1305.9 -4540.8 22.8 137.01 -21.21
3.506 -1305.9 -4540.8 22.8 137.01 -21.20
3.556 -1305.9 -4540.8 22.8 137.01 -21.19
3.606 -1305.9 -4540.8 22.8 137.02 -21.19
3.656 -1305.9 -4540.8 22.8 137.02 -21.18
3.706 -1305.9 -4540.8 22.8 137.02 -21.17
3.756 -1305.9 -4540.8 22.8 137.02 -21.16
3.807 -1305.9 -4540.8 22.8 137.03 -21.15
3.857 -1305.9 -4540.8 22.8 137.03 -21.14
3.907 -1305.9 -4540.8 22.8 137.03 -21.13
3.957 -1305.9 -4540.8 22.8 137.03 -21.12
4.007 -1305.9 -4540.8 22.8 137.03 -21.11
4.057 -1305.9 -4540.8 22.8 137.04 -21.10
4.107 -1305.9 -4540.8 22.8 137.04 -21.09
4.157 -1305.9 -4540.8 22.8 137.04 -21.08
4.207 -1305.9 -4540.8 22.8 137.04 -21.07
4.257 -1305.9 -4540.8 22.8 137.05 -21.06
4.308 -1305.9 -4540.8 22.8 137.05 -21.05
4.358 -1305.9 -4540.8 22.8 137.05 -21.04
4.408 -1305.9 -4540.8 22.8 137.05 -21.03
4.458 -1305.9 -4540.8 22.8 137.05 -21.02
4.508 -1305.9 -4540.8 22.8 137.06 -21.01
4.558 -1305.9 -4540.8 22.8 137.06 -21.00
4.608 -1305.9 -4540.8 22.8 137.06 -20.99
4.658 -1305.9 -4540.8 22.8 137.06 -20.98
4.709 -1305.9 -4540.8 22.8 137.06 -20.97
4.759 -1305.9 -4540.8 22.8 137.07 -20.96
4.809 -1305.9 -4540.8 22.8 137.07 -20.95
4.859 -1305.9 -4540.8 22.8 137.07 -20.94
4.909 -1305.9 -4540.8 22.8 137.07 -20.93
4.959 -1305.9 -4540.8 22.8 137.08 -20.92
5.009 -1305.9 -4540.8 22.8 137.08 -20.91
5.059 -1305.9 -4540.8 22.8 137.08 -20.90
5.109 -1305.9 -4540.8 22.8 137.08 -20.89
5.159 -1305.9 -4540.8 22.8 137.09 -20.88
5.210 -1305.9 -4540.8 22.8 137.09 -20.87
5.260 -1305.9 -4540.8 22.8 137.09 -20.86
5.310 -1305.9 -4540.8 22.8 137.09 -20.86
5.360 -1305.9 -4540.8 22.8 137.09 -20.85
5.410 -1305.9 -4540.8 22.8 137.10 -20.84
5.460 -1305.9 -4540.8 22.8 137.10 -20.83
5.510 -1305.9 -4540.8 22.8 137.10 -20.81
5.560 -1305.9 -4540.8 22.8 137.10 -20.80
5.610 -1305.9 -4540.8 22.8 137.11 -20.79
5.660 -1305.9 -4540.8 22.8 137.11 -20.78
5.711 -1305.9 -4540.8 22.8 137.11 -20.78
5.761 -1305.9 -4540.8 22.8 137.11 -20.77
5.811 -1305.9 -4540.8 22.8 137.11 -20.76
5.861 -1305.9 -4540.8 22.8 137.12 -20.75
5.911 -1305.9 -4540.8 22.8 137.12 -20.74
5.961 -1305.9 -4540.8 22.8 137.12 -20.73
6.011 -1305.9 -4540.8 22.8 137.12 -20.72
6.061 -1305.9 -4540.8 22.8 137.12 -20.71
6.111 -1305.9 -4540.8 22.8 137.13 -20.70
6.161 -1305.9 -4540.8 22.8 137.13 -20.68
6.212 -1305.9 -4540.8 22.8 137.13 -20.68
6.262 -1305.9 -4540.8 22.8 137.13 -20.67
6.312 -1305.9 -4540.8 22.8 137.14 -20.66
6.362 -1305.9 -4540.8 22.8 137.14 -20.65
6.412 -1305.9 -4540.8 22.8 137.15 -20.65
6.462 -1305.9 -4540.8 22.8 137.16 -20.66
6.512 -1305.9 -4540.8 22.8 137.17 -20.68
6.562 -1305.9 -4540.8 22.8 137.18 -20.69
6.612 -1305.9 -4540.8 22.8 137.19 -20.72
6.663 -1305.9 -4540.8 22.8 137.20 -20.73
6.713 -1305.9 -4540.8 22.8 137.21 -20.75
6.763 -1305.9 -4540.8 22.8 137.22 -20.76
6.813 -1305.9 -4540.8 22.8 137.24 -20.78
6.863 -1305.9 -4540.8 22.8 137.25 -20.79
6.913 -1305.9 -4540.8 22.8 137.26 -20.80
6.963 -1305.9 -4540.8 22.8 137.27 -20.83
7.013 -1305.9 -4540.8 22.8 137.28 -20.84
7.063 -1305.9 -4540.8 22.8 137.29 -20.86
7.113 -1305.9 -4540.8 22.8 137.30 -20.87
7.164 -1305.9 -4540.8 22.8 137.31 -20.89
7.214 -1305.9 -4540.8 22.8 137.33 -20.90
7.264 -1305.9 -4540.8 22.8 137.34 -20.92
7.314 -1305.9 -4540.8 22.8 137.35 -20.93
7.364 -1305.9 -4540.8 22.8 137.36 -20.95
7.414 -1305.9 -4540.8 22.8 137.37 -20.97
7.464 -1305.9 -4540.8 22.8 137.39 -20.99
7.514 -1305.9 -4540.8 22.8 137.40 -21.00
7.564 -1305.9 -4540.8 22.8 137.41 -21.02
7.615 -1305.9 -4540.8 22.8 137.42 -21.03
7.665 -1305.9 -4540.8 22.8 137.43 -21.06
7.715 -1305.9 -4540.8 22.8 137.43 -21.10
7.765 -1305.9 -4540.8 22.8 137.44 -21.15
7.815 -1305.9 -4540.8 22.8 137.45 -21.20
7.865 -1305.9 -4540.8 22.8 137.45 -21.25
7.915 -1305.9 -4540.8 22.8 137.45 -21.30
7.965 -1305.9 -4540.8 22.8 137.45 -21.34
8.015 -1305.9 -4540.8 22.8 137.45 -21.41
8.065 -1305.9 -4540.8 22.8 137.45 -21.46
8.115 -1305.9 -4540.8 22.8 137.45 -21.51
8.166 -1305.9 -4540.8 22.8 137.45 -21.56
8.216 -1305.9 -4540.8 22.8 137.45 -21.61
8.266 -1305.9 -4540.8 22.8 137.46 -21.66
8.316 -1305.9 -4540.8 22.8 137.46 -21.71
8.366 -1305.9 -4540.8 22.8 137.46 -21.76
8.416 -1305.9 -4540.8 22.8 137.46 -21.81
8.466 -1305.9 -4540.8 22.8 137.46 -21.85
8.516 -1305.9 -4540.8 22.8 137.46 -21.91
8.566 -1305.9 -4540.8 22.8 137.46 -21.95
8.616 -1305.9 -4540.8 22.8 137.46 -22.00
8.667 -1305.9 -4540.8 22.8 137.46 -22.07
8.717 -1305.9 -4540.8 22.8 137.46 -22.13
8.767 -1305.9 -4540.8 22.8 137.46 -22.21
8.817 -1305.9 -4540.8 22.8 137.47 -22.29
8.867 -1305.9 -4540.8 22.8 137.47 -22.39
8.917 -1305.9 -4540.8 22.8 137.47 -22.52
8.967 -1305.9 -4540.8 22.8 137.47 -22.61
9.017 -1305.9 -4540.8 22.8 137.47 -22.70
9.067 -1305.9 -4540.8 22.8 137.47 -22.79
9.117 -1305.9 -4540.8 22.8 137.48 -22.90
9.168 -1305.9 -4540.8 22.8 137.48 -22.99
9.218 -1305.9 -4540.8 22.8 137.47 -23.02
9.268 -1305.9 -4540.8 22.8 137.46 -23.02
9.318 -1305.8 -4540.8 22.7 137.45 -23.01
9.368 -1305.8 -4540.8 22.7 137.45 -23.01
9.418 -1305.7 -4540.8 22.7 137.42 -23.04
9.468 -1305.7 -4540.8 22.6 137.38 -23.09
9.518 -1305.7 -4540.8 22.6 137.35 -23.18
9.568 -1305.7 -4540.9 22.6 137.32 -23.36
9.619 -1305.8 -4540.8 22.7 137.30 -23.56
9.669 -1305.8 -4540.8 22.7 137.28 -23.86
9.719 -1305.9 -4540.8 22.8 137.27 -24.22
9.769 -1305.9 -4540.8 22.9 137.17 -24.79
9.819 -1306.1 -4540.8 23.0 136.77 -26.09
9.869 -1306.3 -4540.7 23.2 135.46 -29.16
9.919 -1306.5 -4540.7 23.4 133.78 -32.18
9.969 -1306.8 -4540.6 23.6 132.15 -34.62
10.019 -1306.9 -4540.6 23.8 130.98 -36.30
10.069 -1307.2 -4540.5 24.0 128.49 -39.90
10.120 -1307.5 -4540.4 24.3 126.36 -41.93
10.170 -1307.8 -4540.3 24.5 124.13 -43.34
10.220 -1308.0 -4540.2 24.7 121.55 -43.12
10.270 -1308.4 -4540.1 25.0 118.93 -41.04
10.320 -1308.8 -4539.8 25.3 118.87 -41.39
10.370 -1309.3 -4539.6 25.7 118.78 -41.56
10.420 -1309.7 -4539.3 26.0 118.68 -41.63
10.470 -1310.2 -4539.1 26.4 118.59 -41.72
10.520 -1310.4 -4539.0 26.6 118.48 -41.87
10.570 -1310.6 -4538.9 26.9 118.40 -41.98
10.620 -1310.7 -4538.9 27.0 118.35 -41.95
10.671 -1310.7 -4538.9 27.0 118.36 -41.71
10.721 -1310.7 -4538.9 27.0 118.37 -41.49
10.771 -1310.6 -4538.9 26.9 118.38 -41.40
10.821 -1310.6 -4538.9 26.9 118.38 -41.37
10.871 -1310.6 -4538.9 26.9 118.38 -41.32
10.921 -1310.6 -4538.9 26.9 118.38 -41.30
10.971 -1310.6 -4539.0 26.8 118.39 -41.25
11.021 -1310.6 -4539.0 26.8 118.39 -41.21
11.071 -1310.5 -4539.0 26.8 118.39 -41.17
11.121 -1310.5 -4539.0 26.8 118.40 -41.15
11.171 -1310.5 -4539.0 26.8 118.40 -41.14
11.222 -1310.5 -4539.0 26.8 118.40 -41.13
11.272 -1310.5 -4539.0 26.8 118.40 -41.13
11.322 -1310.5 -4539.0 26.8 118.40 -41.12
11.372 -1310.6 -4539.0 26.8 118.41 -41.11
11.422 -1310.6 -4538.9 26.8 118.41 -41.11
11.472 -1310.6 -4538.9 26.8 118.41 -41.10
11.522 -1310.6 -4538.9 26.8 118.41 -41.09
11.572 -1310.6 -4538.9 26.8 118.41 -41.08
11.622 -1310.5 -4538.9 26.9 118.42 -41.18
11.672 -1310.2 -4538.6 27.0 118.47 -41.72
11.723 -1310.0 -4538.2 27.5 118.66 -41.85
11.773 -1310.1 -4537.5 28.2 119.20 -40.78
11.823 -1310.3 -4536.7 29.2 120.29 -39.36
11.873 -1310.5 -4536.0 30.2 122.09 -37.76
11.923 -1310.7 -4535.2 31.4 123.82 -35.93
11.973 -1311.1 -4534.2 32.7 125.45 -33.90
12.023 -1311.9 -4532.7 34.3 126.97 -31.70
12.073 -1313.0 -4530.8 36.4 128.42 -29.26
12.123 -1313.9 -4528.7 38.9 129.76 -26.64
12.173 -1314.7 -4527.1 40.8 130.82 -24.15
12.223 -1317.4 -4523.2 44.8 131.14 -22.90
12.274 -1320.7 -4519.5 47.6 131.00 -20.85
12.324 -1325.6 -4514.7 50.9 130.37 -18.16
12.374 -1331.7 -4509.1 54.4 129.53 -14.96
12.424 -1338.7 -4502.6 58.1 128.57 -11.70
12.474 -1342.7 -4498.7 60.2 127.56 -8.89
12.524 -1350.0 -4491.1 63.6 127.21 -8.32
12.574 -1357.0 -4483.5 66.5 126.57 -7.71
12.624 -1364.2 -4475.6 68.8 125.95 -7.94
12.674 -1371.6 -4467.5 70.6 125.33 -8.68
12.724 -1376.3 -4462.4 71.4 124.69 -9.87
12.775 -1383.7 -4454.1 72.2 123.94 -10.99
12.825 -1391.0 -4446.1 72.2 123.57 -11.41
12.875 -1397.8 -4437.7 69.5 122.83 -12.10
12.925 -1403.3 -4427.9 60.7 122.21 -10.45
12.975 -1408.0 -4417.4 48.6 121.54 -6.19
13.025 -1410.1 -4411.8 41.9 120.73 -0.65
13.075 -1414.1 -4398.2 27.9 120.33 2.40
13.125 -1416.0 -4386.9 20.0 119.01 8.52
13.175 -1416.6 -4382.3 17.7 117.51 10.75
13.225 -1417.5 -4373.7 14.4 116.30 11.99
13.275 -1418.4 -4365.4 11.6 115.80 12.50
13.326 -1419.1 -4359.8 9.6 116.02 13.78
13.376 -1419.1 -4359.8 9.3 116.37 13.86
13.426 -1419.1 -4359.8 7.9 117.02 13.56
13.476 -1419.1 -4359.8 4.3 117.81 13.21
13.526 -1419.1 -4359.8 -1.2 118.62 12.84
13.576 -1419.4 -4359.4 -7.1 119.19 12.57
13.626 -1420.0 -4358.4 -10.1 119.37 12.49
13.676 -1420.3 -4357.9 -10.3 119.37 12.49
13.726 -1420.3 -4357.9 -10.3 119.27 12.53
13.776 -1420.3 -4357.9 -10.3 119.18 12.57
13.826 -1420.3 -4357.9 -12.1 119.08 12.62
13.877 -1420.3 -4357.9 -11.2 118.90 12.70
13.927 -1420.3 -4357.9 -10.3 118.80 12.75
13.977 -1420.3 -4357.9 -10.3 118.59 12.84
14.027 -1420.3 -4357.9 -10.3 118.39 12.93
14.077 -1420.3 -4357.9 -10.3 118.18 13.03
14.127 -1420.3 -4357.9 -10.3 117.98 13.12
14.177 -1420.3 -4357.9 -10.3 117.75 13.22
14.227 -1420.3 -4357.9 -10.3 117.53 13.32
14.277 -1420.3 -4357.9 -10.3 117.31 13.42
14.327 -1420.3 -4357.9 -10.3 117.07 13.53
14.377 -1420.3 -4357.9 -10.3 116.85 13.63
14.428 -1420.3 -4357.9 -10.3 116.62 13.73
14.478 -1420.3 -4357.9 -10.3 116.38 13.85
14.528 -1420.3 -4357.9 -10.3 116.16 13.95
14.578 -1420.3 -4357.9 -10.3 116.09 13.98
14.628 -1420.3 -4357.9 -10.3 116.09 13.98
14.678 -1420.3 -4357.9 -10.3 116.09 13.98
14.728 -1420.3 -4357.9 -10.3 116.09 13.98
14.778 -1420.3 -4357.9 -10.3 116.09 13.98
14.829 -1420.3 -4357.9 -10.3 116.09 13.98
14.879 -1420.3 -4357.9 -10.3 116.09 13.98
14.929 -1420.3 -4357.9 -10.3 116.09 13.98
14.979 -1420.3 -4357.9 -10.3 116.09 13.98
15.029 -1420.3 -4357.9 -10.3 116.09 13.98
15.079 -1420.3 -4357.9 -10.3 116.09 13.98
15.129 -1420.3 -4357.9 -10.3 116.09 13.98
15.179 -1420.3 -4357.9 -10.3 116.09 13.98
15.229 -1420.3 -4357.9 -10.3 116.09 13.98
15.279 -1420.3 -4357.9 -10.3 116.09 13.98
15.329 -1420.3 -4357.9 -10.3 116.09 13.98
15.380 -1420.3 -4357.9 -10.3 116.09 13.98
15.430 -1420.3 -4357.9 -10.3 116.09 13.98
15.480 -1420.3 -4357.9 -10.3 116.09 13.98
15.530 -1420.3 -4357.9 -10.3 116.09 13.98
15.580 -1420.3 -4357.9 -10.3 116.09 13.98
15.630 -1420.3 -4357.9 -10.3 116.09 13.98
15.680 -1420.3 -4357.9 -10.3 116.09 13.98
15.730 -1420.3 -4357.9 -10.3 116.09 13.98
15.780 -1420.3 -4357.9 -10.3 116.09 13.98
15.830 -1420.3 -4357.9 -10.3 116.09 13.98
15.881 -1420.3 -4357.9 -10.3 116.09 13.98
15.931 -1420.3 -4357.9 -10.3 116.09 13.98
15.981 -1420.3 -4357.9 -10.3 116.09 13.98
16.031 -1420.3 -4357.9 -10.3 116.09 13.98
16.081 -1420.3 -4357.9 -10.3 116.09 13.98
16.131 -1420.3 -4357.9 -10.3 116.09 13.98
16.181 -1420.3 -4357.9 -10.3 116.09 13.98
16.231 -1420.3 -4357.9 -10.3 116.09 13.98
16.281 -1420.3 -4357.9 -10.3 116.09 13.98
16.331 -1420.3 -4357.9 -10.3 116.09 13.98
16.381 -1420.3 -4357.9 -10.3 116.09 13.98
16.432 -1420.3 -4357.9 -10.3 116.09 13.98
16.482 -1420.3 -4357.9 -10.3 116.09 13.98
16.532 -1420.3 -4357.9 -10.3 116.09 13.98
16.582 -1420.3 -4357.9 -10.3 116.09 13.98
16.632 -1420.3 -4357.9 -10.3 116.09 13.98
16.682 -1420.3 -4357.9 -10.3 116.09 13.98
16.732 -1420.3 -4357.9 -10.3 116.09 13.98
16.782 -1420.3 -4357.9 -10.3 116.09 13.98
16.832 -1420.3 -4357.9 -10.3 116.09 13.98
16.882 -1420.3 -4357.9 -10.3 116.09 13.98
16.933 -1420.3 -4357.9 -10.3 116.09 13.98
16.983 -1420.3 -4357.9 -10.3 116.09 13.98
17.033 -1420.3 -4357.9 -10.3 116.09 13.98
17.083 -1420.3 -4357.9 -10.3 116.09 13.98
17.133 -1420.3 -4357.9 -10.3 116.09 13.98
17.183 -1420.3 -4357.9 -10.3 116.09 13.98
17.233 -1420.3 -4357.9 -10.3 116.09 13.98
17.283 -1420.3 -4357.9 -10.3 116.09 13.98
17.333 -1420.3 -4357.9 -10.3 116.09 13.98
17.383 -1420.3 -4357.9 -10.3 116.09 13.98
17.434 -1420.3 -4357.9 -10.3 116.09 13.98
17.484 -1420.3 -4357.9 -10.3 116.09 13.98
17.534 -1420.3 -4357.9 -10.3 116.09 13.98
17.584 -1420.3 -4357.9 -10.3 116.09 13.98
17.634 -1420.3 -4357.9 -10.3 116.09 13.98
17.684 -1420.3 -4357.9 -10.3 116.09 13.98
17.734 -1420.3 -4357.9 -10.3 116.09 13.98
17.784 -1420.3 -4357.9 -10.3 116.09 13.98
17.834 -1420.3 -4357.9 -10.3 116.09 13.98
17.884 -1420.3 -4357.9 -10.3 116.09 13.98
17.934 -1420.3 -4357.9 -10.3 116.09 13.98
17.985 -1420.3 -4357.9 -10.3 116.09 13.98
18.035 -1420.3 -4357.9 -10.3 116.09 13.98
18.085 -1420.3 -4357.9 -10.3 116.09 13.98
18.135 -1420.3 -4357.9 -10.3 116.09 13.98
18.185 -1420.3 -4357.9 -10.3 116.09 13.98
18.235 -1420.3 -4357.9 -10.3 116.09 13.98
18.285 -1420.3 -4357.9 -10.3 116.09 13.98
18.335 -1420.3 -4357.9 -10.3 116.09 13.98
18.385 -1420.3 -4357.9 -10.3 116.09 13.98
18.436 -1420.3 -4357.9 -10.3 116.09 13.98
18.486 -1420.3 -4357.9 -10.3 116.09 13.98
18.536 -1420.3 -4357.9 -10.3 116.09 13.98
18.586 -1420.3 -4357.9 -10.3 116.09 13.98
18.636 -1420.3 -4357.9 -10.3 116.09 13.98
18.686 -1420.3 -4357.9 -10.3 116.09 13.98
18.736 -1420.3 -4357.9 -10.3 116.09 13.98
18.786 -1420.3 -4357.9 -10.3 116.09 13.98
18.836 -1420.3 -4357.9 -10.3 116.09 13.98
18.886 -1420.3 -4357.9 -10.3 116.09 13.98
18.936 -1420.3 -4357.9 -10.3 116.09 13.98
18.987 -1420.3 -4357.9 -10.3 116.09 13.98
19.037 -1420.3 -4357.9 -10.3 116.09 13.98
19.087 -1420.3 -4357.9 -10.3 116.09 13.98
19.137 -1420.3 -4357.9 -10.3 116.09 13.98
19.187 -1420.3 -4357.9 -10.3 116.09 13.98
19.237 -1420.3 -4357.9 -10.3 116.09 13.98
19.287 -1420.3 -4357.9 -10.3 116.09 13.98
19.337 -1420.3 -4357.9 -10.3 116.09 13.98
19.387 -1420.3 -4357.9 -10.3 116.09 13.98
19.438 -1420.3 -4357.9 -10.3 116.09 13.98
19.488 -1420.3 -4357.9 -10.3 116.09 13.98
19.538 -1420.3 -4357.9 -10.3 116.09 13.98
19.588 -1420.3 -4357.9 -10.3 116.09 13.98
19.638 -1420.3 -4357.9 -10.3 116.09 13.98
19.688 -1420.3 -4357.9 -10.3 116.09 13.98
19.738 -1420.3 -4357.9 -10.3 116.09 13.98
19.788 -1420.3 -4357.9 -10.3 116.09 13.98
19.838 -1420.3 -4357.9 -10.3 116.09 13.98
19.888 -1420.3 -4357.9 -10.3 116.09 13.98
19.939 -1420.3 -4357.9 -10.3 116.09 13.98
19.989 -1420.3 -4357.9 -10.3 116.09 13.98
20.039 -1420.3 -4357.9 -10.3 116.09 13.98
20.089 -1420.3 -4357.9 -10.3 116.09 13.98
20.139 -1420.3 -4357.9 -10.3 116.09 13.98
20.189 -1420.3 -4357.9 -10.3 116.09 13.98
20.239 -1420.3 -4357.9 -10.3 116.09 13.98
20.289 -1420.3 -4357.9 -10.3 116.09 13.98
20.339 -1420.3 -4357.9 -10.3 116.09 13.98
20.389 -1420.3 -4357.9 -10.3 116.09 13.98
20.440 -1420.3 -4357.9 -10.3 116.09 13.98
20.490 -1420.3 -4357.9 -10.3 116.09 13.98
20.540 -1420.3 -4357.9 -10.3 116.09 13.98
20.590 -1420.3 -4357.9 -10.3 116.09 13.98
20.640 -1420.3 -4357.9 -10.3 116.09 13.98
20.690 -1420.3 -4357.9 -10.3 116.09 13.98
20.740 -1420.3 -4357.9 -10.3 116.09 13.98
20.790 -1420.3 -4357.9 -10.3 116.09 13.98
20.840 -1420.3 -4357.9 -10.3 116.09 13.98
20.891 -1420.3 -4357.9 -10.3 116.09 13.98
20.941 -1420.3 -4357.9 -10.3 116.09 13.98
20.991 -1420.3 -4357.9 -10.3 116.09 13.98
21.041 -1420.3 -4357.9 -10.3 116.09 13.98
21.091 -1420.3 -4357.9 -10.3 116.09 13.98
21.141 -1420.3 -4357.9 -10.3 116.09 13.98
21.191 -1420.3 -4357.9 -10.3 116.09 13.98
21.241 -1420.3 -4357.9 -10.3 116.09 13.98
21.291 -1420.3 -4357.9 -10.3 116.09 13.98
21.341 -1420.3 -4357.9 -10.3 116.09 13.98
21.392 -1420.3 -4357.9 -10.3 116.09 13.98
21.442 -1420.3 -4357.9 -10.3 116.09 13.98
21.492 -1420.3 -4357.9 -10.3 116.09 13.98
21.542 -1420.3 -4357.9 -10.3 116.09 13.98
21.592 -1420.3 -4357.9 -10.3 116.09 13.98
21.642 -1420.3 -4357.9 -10.3 116.09 13.98
21.693 -1420.3 -4357.9 -10.3 116.09 13.98
21.743 -1420.3 -4357.9 -10.3 116.09 13.98
21.793 -1420.3 -4357.9 -10.3 116.09 13.98
21.843 -1420.3 -4357.9 -10.3 116.09 13.98
21.893 -1420.3 -4357.9 -10.3 116.09 13.98
21.943 -1420.3 -4357.9 -10.3 116.09 13.98
21.993 -1420.3 -4357.9 -10.3 116.09 13.98
22.044 -1420.3 -4357.9 -10.3 116.09 13.98
22.094 -1420.3 -4357.9 -10.3 116.09 13.98
22.144 -1420.3 -4357.9 -10.3 116.09 13.98
22.194 -1420.3 -4357.9 -10.3 116.09 13.98
22.244 -1420.3 -4357.9 -10.3 116.09 13.98
22.294 -1420.3 -4357.9 -10.3 116.09 13.98
22.344 -1420.3 -4357.9 -10.3 116.09 13.98
22.394 -1420.3 -4357.9 -10.3 116.09 13.98
22.444 -1420.3 -4357.9 -10.3 116.09 13.98
22.494 -1420.3 -4357.9 -10.3 116.09 13.98
22.545 -1420.3 -4357.9 -10.3 116.09 13.98
22.595 -1420.3 -4357.9 -10.3 116.09 13.98
22.645 -1420.3 -4357.9 -10.3 116.09 13.98
22.695 -1420.3 -4357.9 -10.3 116.09 13.98
22.745 -1420.3 -4357.9 -10.3 116.09 13.98
22.795 -1420.3 -4357.9 -10.3 116.09 13.98
22.845 -1420.3 -4357.9 -10.3 116.09 13.98
22.895 -1420.3 -4357.9 -10.3 116.09 13.98
22.945 -1420.3 -4357.9 -10.3 116.09 13.98
22.996 -1420.3 -4357.9 -10.3 116.09 13.98
23.046 -1420.3 -4357.9 -10.3 116.09 13.98
23.096 -1420.3 -4358.0 -10.3 116.09 13.98
23.146 -1420.3 -4358.0 -10.3 116.09 13.98
23.196 -1420.3 -4358.0 -10.3 116.09 13.98
23.246 -1420.3 -4358.0 -10.3 116.09 13.98
23.296 -1420.3 -4358.0 -10.3 116.09 13.98
23.346 -1420.3 -4358.0 -10.3 116.09 13.98
23.396 -1420.3 -4358.0 -10.3 116.09 13.98
23.446 -1420.3 -4358.0 -10.3 116.09 13.98
23.496 -1420.3 -4358.0 -10.3 116.09 13.98
23.547 -1420.3 -4358.0 -10.3 116.09 13.98
23.597 -1420.3 -4358.0 -10.3 116.09 13.98
23.647 -1420.3 -4358.0 -10.3 116.09 13.98
23.697 -1420.3 -4358.0 -10.3 116.09 13.98
23.747 -1420.3 -4358.0 -10.3 116.09 13.98
23.797 -1420.3 -4358.0 -10.3 116.09 13.98
23.847 -1420.3 -4358.0 -10.3 116.09 13.98
23.897 -1420.3 -4358.0 -10.3 116.09 13.98
23.947 -1420.3 -4358.0 -10.3 116.09 13.98
23.998 -1420.3 -4358.0 -10.3 116.09 13.98
24.048 -1420.3 -4358.0 -10.3 116.09 13.98
24.098 -1420.3 -4358.0 -10.3 116.09 13.98
24.148 -1420.3 -4358.0 -10.3 116.09 13.98
24.198 -1420.3 -4358.0 -10.3 116.09 13.98
24.248 -1420.3 -4358.0 -10.3 116.09 13.98
24.298 -1420.3 -4358.0 -10.3 116.09 13.98
24.348 -1420.3 -4358.0 -10.3 116.09 13.98
24.398 -1420.3 -4358.0 -10.3 116.09 13.98
24.449 -1420.3 -4358.0 -10.3 116.09 13.98
24.499 -1420.3 -4358.0 -10.3 116.09 13.98
24.549 -1420.3 -4358.0 -10.3 116.09 13.98
24.599 -1420.3 -4358.0 -10.3 116.09 13.98
24.649 -1420.3 -4358.0 -10.3 116.09 13.98
24.699 -1420.3 -4358.0 -10.3 116.09 13.98
24.749 -1420.3 -4358.0 -10.3 116.09 13.98
24.799 -1420.3 -4358.0 -10.3 116.09 13.98
24.849 -1420.3 -4358.0 -10.3 116.09 13.98
24.900 -1420.3 -4358.0 -10.3 116.09 13.98
24.950 -1420.3 -4358.0 -10.3 116.09 13.98
25.000 -1420.3 -4358.0 -10.3 116.09 13.98
25.050 -1420.3 -4358.0 -10.3 116.09 13.98
25.100 -1420.3 -4358.0 -10.3 116.09 13.98
25.150 -1420.3 -4358.0 -10.3 116.09 13.98
25.200 -1420.3 -4358.0 -10.3 116.09 13.98
25.250 -1420.3 -4358.0 -10.3 116.09 13.98
25.300 -1420.3 -4358.0 -10.3 116.09 13.98
25.350 -1420.3 -4358.0 -10.3 116.09 13.98
25.401 -1420.3 -4358.0 -10.3 116.09 13.98
25.451 -1420.3 -4358.0 -10.3 116.09 13.98
25.501 -1420.3 -4358.0 -10.3 116.09 13.98
25.551 -1420.3 -4358.0 -10.3 116.09 13.98
25.601 -1420.3 -4358.0 -10.3 116.09 13.98
25.651 -1420.3 -4358.0 -10.3 116.09 13.98
25.701 -1420.3 -4358.0 -10.3 116.09 13.98
25.751 -1420.3 -4358.0 -10.3 116.09 13.98
25.801 -1420.3 -4358.0 -10.3 116.09 13.98
25.852 -1420.3 -4358.0 -10.3 116.09 13.98
25.902 -1420.3 -4358.0 -10.3 116.09 13.98
25.952 -1420.3 -4358.0 -10.3 116.09 13.98
26.002 -1420.3 -4358.0 -10.3 116.09 13.98
26.052 -1420.3 -4358.0 -10.3 116.09 13.98
26.102 -1420.3 -4358.0 -10.3 116.09 13.98
26.152 -1420.3 -4358.0 -10.3 116.09 13.98
26.202 -1420.3 -4358.0 -10.3 116.09 13.98
26.252 -1420.3 -4358.0 -10.3 116.09 13.98
26.303 -1420.3 -4358.0 -10.3 116.09 13.98
26.353 -1420.3 -4358.0 -10.3 116.09 13.98
26.403 -1420.3 -4358.0 -10.3 116.09 13.98
26.453 -1420.3 -4358.0 -10.3 116.09 13.98
26.503 -1420.3 -4358.0 -10.3 116.09 13.98
26.553 -1420.3 -4358.0 -10.3 116.09 13.98
26.603 -1420.3 -4358.0 -10.3 116.09 13.98
26.653 -1420.3 -4358.0 -10.3 116.09 13.98
26.703 -1420.3 -4358.0 -10.3 116.09 13.98
26.753 -1420.3 -4358.0 -10.3 116.09 13.98
26.804 -1420.3 -4358.0 -10.3 116.09 13.98
26.854 -1420.3 -4358.0 -10.3 116.09 13.98
26.904 -1420.3 -4358.0 -10.3 116.09 13.98
26.954 -1420.3 -4358.0 -10.3 116.09 13.98
27.004 -1420.3 -4358.0 -10.3 116.09 13.98
27.054 -1420.3 -4358.0 -10.3 116.09 13.98
27.104 -1420.3 -4358.0 -10.3 116.09 13.98
27.154 -1420.3 -4358.0 -10.3 116.09 13.98
27.204 -1420.3 -4358.0 -10.3 116.09 13.98
27.254 -1420.3 -4358.0 -10.3 116.09 13.98
27.305 -1420.3 -4358.0 -10.3 116.09 13.98
27.355 -1420.3 -4358.0 -10.3 116.09 13.98
27.405 -1420.3 -4358.0 -10.3 116.09 13.98
27.455 -1420.3 -4358.0 -10.3 116.09 13.98
27.505 -1420.3 -4358.0 -10.3 116.09 13.98
27.555 -1420.3 -4358.0 -10.3 116.09 13.98
27.605 -1420.3 -4358.0 -10.3 116.09 13.98
27.655 -1420.3 -4358.0 -10.3 116.09 13.98
27.705 -1420.3 -4358.0 -10.3 116.09 13.98
27.755 -1420.3 -4358.0 -10.3 116.09 13.98
27.805 -1420.3 -4358.0 -10.3 116.09 13.98
27.856 -1420.3 -4358.0 -10.3 116.09 13.98
27.906 -1420.3 -4358.0 -10.3 116.09 13.98
27.956 -1420.3 -4358.0 -10.3 116.09 13.98
28.006 -1420.3 -4358.0 -10.3 116.09 13.98
28.056 -1420.3 -4358.0 -10.3 116.09 13.98
28.106 -1420.3 -4358.0 -10.3 116.09 13.98
28.156 -1420.3 -4358.0 -10.3 116.09 13.98
28.206 -1420.3 -4358.0 -10.3 116.09 13.98
28.256 -1420.3 -4358.0 -10.3 116.09 13.98
28.307 -1420.3 -4358.0 -10.3 116.09 13.98
28.357 -1420.3 -4358.0 -10.3 116.09 13.98
28.407 -1420.3 -4358.0 -10.3 116.09 13.98
28.457 -1420.3 -4358.0 -10.3 116.09 13.98
28.507 -1420.3 -4358.0 -10.3 116.09 13.98
28.557 -1420.3 -4358.0 -10.3 116.09 13.98
28.607 -1420.3 -4358.0 -10.3 116.09 13.98
28.657 -1420.3 -4358.0 -10.3 116.09 13.98
28.707 -1420.3 -4358.0 -10.3 116.09 13.98
28.757 -1420.3 -4358.0 -10.3 116.09 13.98
28.807 -1420.3 -4358.0 -10.3 116.09 13.98
28.858 -1420.3 -4358.0 -10.3 116.09 13.98
28.908 -1420.3 -4358.0 -10.3 116.09 13.98
28.958 -1420.3 -4358.0 -10.3 116.09 13.98
29.008 -1420.3 -4358.0 -10.3 116.09 13.98
29.058 -1420.3 -4358.0 -10.3 116.09 13.98
29.108 -1420.3 -4358.0 -10.3 116.09 13.98
29.158 -1420.3 -4358.0 -10.3 116.09 13.98
29.208 -1420.3 -4358.0 -10.3 116.09 13.98
29.258 -1420.3 -4358.0 -10.3 116.09 13.98
29.308 -1420.3 -4358.0 -10.3 116.09 13.98
29.359 -1420.3 -4358.0 -10.3 116.09 13.98
29.409 -1420.3 -4358.0 -10.3 116.09 13.98
29.459 -1420.3 -4358.0 -10.3 116.09 13.98
29.509 -1420.3 -4358.0 -10.3 116.09 13.98
29.559 -1420.3 -4358.0 -10.3 116.09 13.98
29.609 -1420.3 -4358.0 -10.3 116.09 13.98
29.659 -1420.3 -4358.0 -10.3 116.09 13.98
29.709 -1420.3 -4358.0 -10.3 116.09 13.98
29.759 -1420.3 -4358.0 -10.3 116.09 13.98
29.809 -1420.3 -4358.0 -10.3 116.09 13.98
29.860 -1420.3 -4358.0 -10.3 116.09 13.98
29.910 -1420.3 -4358.0 -10.3 116.09 13.98
29.960 -1420.3 -4358.0 -10.3 116.09 13.98
30.010 -1420.3 -4358.0 -10.3 116.09 13.98
30.060 -1420.3 -4358.0 -10.3 116.09 13.98
30.110 -1420.3 -4358.0 -10.3 116.09 13.98
30.160 -1420.3 -4358.0 -10.3 116.09 13.98
30.210 -1420.3 -4358.0 -10.3 116.09 13.98
30.260 -1420.3 -4358.0 -10.3 116.09 13.98
30.311 -1420.3 -4358.0 -10.3 116.09 13.98
30.361 -1420.3 -4358.0 -10.3 116.09 13.98
30.411 -1420.3 -4358.0 -10.3 116.09 13.98
30.461 -1420.3 -4358.0 -10.3 116.09 13.98
30.511 -1420.3 -4358.0 -10.3 116.09 13.98
30.561 -1420.3 -4358.0 -10.3 116.09 13.98
30.611 -1420.3 -4358.0 -10.3 116.09 13.98
30.661 -1420.3 -4358.0 -10.3 116.09 13.98
30.711 -1420.3 -4358.0 -10.3 116.09 13.98
30.762 -1420.3 -4358.0 -10.3 116.09 13.98
30.812 -1420.3 -4358.0 -10.3 116.09 13.98
30.862 -1420.3 -4358.0 -10.3 116.09 13.98
30.912 -1420.3 -4358.0 -10.3 116.09 13.98
30.962 -1420.3 -4358.0 -10.3 116.09 13.98
31.012 -1420.3 -4358.0 -10.3 116.09 13.98
31.062 -1420.3 -4358.0 -10.3 116.09 13.98
31.112 -1420.3 -4358.0 -10.3 116.09 13.98
31.162 -1420.3 -4358.0 -10.3 116.09 13.98
31.213 -1420.3 -4358.0 -10.3 116.09 13.98
31.263 -1420.3 -4358.0 -10.3 116.09 13.98
31.313 -1420.3 -4358.0 -10.3 116.09 13.98
31.363 -1420.3 -4358.0 -10.3 116.09 13.98
31.413 -1420.3 -4358.0 -10.3 116.09 13.98
31.463 -1420.3 -4358.0 -10.3 116.09 13.98
31.513 -1420.3 -4358.0 -10.3 116.09 13.98
31.563 -1420.3 -4358.0 -10.3 116.09 13.98
31.613 -1420.3 -4358.0 -10.3 116.09 13.98
31.663 -1420.3 -4358.0 -10.3 116.09 13.98
31.714 -1420.3 -4358.0 -10.3 116.09 13.98
31.764 -1420.3 -4358.0 -10.3 116.09 13.98
31.814 -1420.3 -4358.0 -10.3 116.09 13.98
31.864 -1420.3 -4358.0 -10.3 116.09 13.98
31.914 -1420.3 -4358.0 -10.3 116.09 13.98
31.964 -1420.3 -4358.0 -10.3 116.09 13.98
32.014 -1420.3 -4358.0 -10.3 116.09 13.98
32.064 -1420.3 -4358.0 -10.3 116.09 13.98
32.114 -1420.3 -4358.0 -10.3 116.09 13.98
32.164 -1420.3 -4358.0 -10.3 116.09 13.98
32.215 -1420.3 -4358.0 -10.3 116.09 13.98
32.265 -1420.3 -4358.0 -10.3 116.09 13.98
32.315 -1420.3 -4358.0 -10.3 116.09 13.98
32.365 -1420.3 -4358.0 -10.3 116.09 13.98
32.415 -1420.3 -4358.0 -10.3 116.09 13.98
32.465 -1420.3 -4358.0 -10.3 116.09 13.98
32.515 -1420.3 -4358.0 -10.3 116.09 13.98
32.565 -1420.5 -4357.6 -10.4 116.09 13.98
32.615 -1426.9 -4342.9 -14.9 116.09 13.98
32.666 -1430.6 -4334.7 -17.8 116.09 13.98
32.716 -1426.6 -4345.0 -14.9 116.09 13.98
32.766 -1429.2 -4339.9 -16.7 116.09 13.98
32.816 -1432.9 -4332.3 -19.5 116.09 13.98
32.866 -1437.4 -4323.1 -22.7 116.09 13.98
32.916 -1443.1 -4311.4 -27.0 116.09 13.98
32.966 -1449.3 -4298.8 -31.5 116.09 13.98
33.016 -1455.2 -4286.8 -35.9 116.09 13.98
33.066 -1461.0 -4274.7 -40.2 115.10 13.98
33.116 -1476.4 -4242.2 -56.5 110.17 13.98
33.167 -1468.7 -4256.4 -47.4 106.20 13.98
33.217 -1471.6 -4248.7 -50.8 96.62 13.98
33.267 -1475.6 -4237.2 -54.1 89.11 11.93
33.317 -1479.4 -4223.4 -55.8 87.77 11.45
33.367 -1481.8 -4210.3 -57.7 87.77 11.45
33.417 -1485.4 -4163.3 -60.2 87.77 11.45
33.467 -1484.3 -4185.0 -60.9 87.77 11.45
33.517 -1485.0 -4169.5 -61.1 87.77 11.45
33.567 -1485.3 -4155.2 -60.8 87.77 11.45
33.617 -1488.5 -4112.5 -64.0 87.77 11.45
33.668 -1485.3 -4129.5 -60.4 87.77 11.45
33.718 -1485.2 -4120.6 -60.5 87.77 11.45
33.768 -1479.0 -4072.1 -59.4 87.77 11.45
33.818 -1478.0 -4060.1 -61.4 87.77 11.45
33.868 -1483.7 -4074.7 -61.4 87.77 11.45
33.918 -1483.3 -4063.7 -61.3 87.77 11.45
33.968 -1482.8 -4051.8 -61.4 87.80 11.45
34.018 -1485.2 -4010.5 -60.9 90.58 10.74
34.068 -1486.5 -3996.9 -62.1 96.17 9.60
34.118 -1486.5 -3983.8 -66.1 106.10 8.84
34.169 -1485.9 -3970.6 -65.7 112.02 8.84
34.219 -1485.7 -3956.9 -62.3 112.02 8.84
34.269 -1483.5 -3972.2 -63.4 112.02 8.84
34.319 -1485.7 -3960.0 -63.5 112.02 8.84
34.369 -1488.3 -3948.7 -63.6 112.02 8.84
34.419 -1491.5 -3936.7 -63.7 112.02 8.84
34.469 -1503.5 -3897.3 -67.0 112.02 8.84
34.519 -1500.5 -3908.3 -65.6 112.02 8.84
34.569 -1502.8 -3901.5 -66.3 112.02 8.84
34.620 -1507.2 -3889.1 -67.6 112.02 8.84
34.670 -1511.3 -3877.9 -68.7 112.02 8.84
34.720 -1519.0 -3859.1 -74.9 110.10 8.84
34.770 -1523.0 -3850.3 -79.2 105.78 8.84
34.820 -1526.7 -3841.8 -83.8 98.74 8.84
34.870 -1530.3 -3833.5 -88.9 88.95 8.84
34.920 -1532.5 -3789.3 -97.0 81.84 8.84
34.970 -1536.2 -3802.8 -94.5 81.84 8.84
35.020 -1536.9 -3792.2 -95.3 81.84 8.84
35.071 -1536.7 -3756.4 -76.7 81.84 8.84
35.121 -1536.6 -3767.6 -82.3 81.84 8.84
35.171 -1535.8 -3759.1 -77.7 81.84 8.84
35.221 -1535.6 -3722.6 -59.8 81.84 8.84
35.271 -1533.1 -3737.5 -66.4 81.84 8.84
35.321 -1531.7 -3726.1 -60.4 81.84 8.84
35.371 -1530.5 -3717.4 -55.9 82.68 8.84
35.421 -1528.8 -3704.7 -50.9 88.24 8.84
35.471 -1527.5 -3694.8 -48.8 94.93 8.84
35.521 -1525.8 -3682.4 -47.8 104.48 8.84
35.572 -1524.2 -3670.0 -49.7 114.49 8.84
35.622 -1523.4 -3660.0 -50.0 114.49 8.84
35.672 -1523.5 -3648.1 -46.7 114.49 8.84
35.722 -1523.8 -3638.7 -44.2 114.49 8.84
35.772 -1523.7 -3628.2 -42.8 114.49 8.84
35.822 -1522.0 -3615.2 -42.6 114.49 8.84
35.872 -1518.8 -3612.2 -42.2 114.49 8.84
35.922 -1514.1 -3611.2 -41.5 112.95 8.84
35.972 -1508.4 -3610.1 -40.7 107.32 8.84
36.022 -1503.4 -3609.1 -39.9 101.08 8.84
36.073 -1497.0 -3607.8 -39.0 97.23 8.84
36.123 -1491.1 -3606.7 -38.0 97.23 8.84
36.173 -1487.2 -3605.9 -37.4 97.23 8.84
36.223 -1483.3 -3605.1 -36.8 97.23 8.84
36.273 -1481.5 -3604.7 -36.5 98.50 8.84
36.323 -1482.3 -3604.9 -36.6 102.33 8.84
36.373 -1496.5 -3613.7 -38.4 113.15 8.84
36.423 -1489.3 -3607.3 -37.7 121.60 8.84
36.473 -1493.2 -3610.5 -38.4 132.34 8.84
36.523 -1499.0 -3617.2 -39.2 144.33 8.84
36.574 -1503.7 -3625.7 -39.9 159.21 8.84
36.624 -1508.4 -3657.1 -48.8 173.17 8.84
36.674 -1508.2 -3645.8 -44.6 183.23 8.84
36.724 -1508.3 -3656.4 -47.8 183.23 8.84
36.774 -1508.6 -3662.1 -49.5 183.23 8.84
36.824 -1510.1 -3672.4 -53.2 183.23 8.84
36.874 -1513.2 -3681.0 -57.1 183.23 8.84
36.924 -1517.0 -3687.2 -59.6 183.23 8.84
36.974 -1524.5 -3693.9 -62.1 183.23 8.84
37.025 -1559.1 -3703.0 -64.7 183.23 8.84
37.075 -1543.5 -3701.3 -63.3 183.23 8.84
37.125 -1584.5 -3712.5 -61.4 183.23 8.84
37.175 -1568.4 -3706.3 -63.3 183.23 8.84
37.225 -1609.9 -3716.1 -64.9 183.23 8.84
37.275 -1593.7 -3709.7 -62.7 183.23 8.84
37.325 -1607.6 -3711.2 -62.6 183.23 8.84
37.375 -1648.9 -3711.8 -64.5 183.23 8.84
37.425 -1633.8 -3713.6 -64.1 183.23 8.84
37.476 -1647.5 -3714.6 -66.3 183.23 8.84
37.526 -1656.7 -3715.2 -67.6 183.23 8.84
37.576 -1669.9 -3716.2 -66.9 183.23 8.84
37.626 -1711.7 -3721.2 -62.0 183.23 8.84
37.676 -1695.4 -3718.3 -64.5 183.23 8.84
37.726 -1708.3 -3719.6 -63.8 183.23 8.84
37.776 -1723.8 -3722.6 -62.7 183.23 8.84
37.826 -1734.4 -3725.7 -61.7 183.23 8.84
37.876 -1748.0 -3731.0 -60.2 183.23 8.84
37.926 -1768.8 -3753.2 -56.5 183.23 8.84
37.977 -1762.4 -3743.2 -57.9 183.23 8.84
38.027 -1767.7 -3751.6 -57.2 183.23 8.84
38.077 -1772.5 -3759.6 -56.6 183.23 8.84
38.127 -1778.1 -3765.8 -56.1 183.23 8.84
38.177 -1787.4 -3772.3 -55.7 182.16 8.84
38.227 -1796.5 -3776.8 -55.1 177.81 8.84
38.277 -1805.8 -3780.2 -53.3 170.20 8.84
38.327 -1831.9 -3784.8 -47.1 159.41 8.84
38.377 -1819.8 -3783.4 -50.2 152.43 8.84
38.428 -1828.0 -3784.1 -48.5 152.43 8.84
38.478 -1837.5 -3783.9 -46.7 152.43 8.84
38.528 -1866.8 -3780.0 -42.8 152.43 8.84
38.578 -1854.9 -3781.4 -43.9 152.43 8.84
38.628 -1883.1 -3774.3 -40.4 152.43 8.84
38.678 -1871.7 -3777.5 -41.4 152.43 8.84
38.728 -1880.1 -3774.8 -40.1 152.43 8.84
38.778 -1906.6 -3763.2 -35.8 152.43 8.84
38.828 -1896.3 -3768.5 -37.8 152.43 8.84
38.879 -1904.1 -3765.1 -36.8 152.43 8.84
38.929 -1912.1 -3761.5 -35.9 154.48 8.84
38.979 -1919.8 -3757.9 -35.3 159.60 8.84
39.029 -1944.8 -3745.8 -34.2 171.08 8.84
39.079 -1935.9 -3750.4 -34.1 179.17 8.84
39.129 -1953.0 -3742.4 -33.2 179.17 8.84
39.179 -1948.1 -3744.9 -33.2 179.17 8.84
39.229 -1956.3 -3741.2 -32.6 179.17 8.84
39.280 -1956.4 -3741.3 -32.6 177.09 8.84
39.330 -1956.4 -3741.3 -32.6 172.01 8.84
39.380 -1956.4 -3741.3 -32.6 163.88 8.84
39.430 -1956.4 -3741.3 -32.6 160.51 8.84
39.480 -1956.4 -3741.3 -32.6 160.51 8.84
39.530 -1956.4 -3741.3 -32.6 160.51 8.84
39.580 -1956.4 -3741.3 -32.6 160.51 8.84
39.630 -1956.4 -3741.3 -32.6 160.51 8.84
39.681 -1956.4 -3741.3 -32.6 160.51 8.84
39.731 -1956.4 -3741.3 -32.6 160.51 8.84
39.781 -1956.4 -3741.3 -32.6 160.51 8.84
39.831 -1956.4 -3741.3 -32.6 160.51 8.84
39.881 -1956.4 -3741.3 -32.6 160.51 8.84
39.931 -1956.4 -3741.3 -32.6 160.51 8.84
39.981 -1956.4 -3741.3 -32.6 160.51 8.84
40.031 -1956.4 -3741.3 -32.6 160.51 8.84
40.081 -1956.4 -3741.3 -32.6 160.51 8.84
40.132 -1956.4 -3741.3 -32.6 160.51 8.84
40.182 -1956.4 -3741.3 -32.6 160.51 8.84
40.232 -1956.4 -3741.3 -32.6 160.51 8.84
40.282 -1956.4 -3741.3 -32.6 160.51 8.84
40.332 -1956.4 -3741.3 -32.6 160.51 8.84
40.382 -1956.4 -3741.3 -32.6 160.51 8.84
40.432 -1956.4 -3741.3 -32.6 160.51 8.84
40.482 -1956.4 -3741.3 -32.6 160.51 8.84
40.532 -1956.4 -3741.3 -32.6 160.51 8.84
40.583 -1956.4 -3741.3 -32.6 160.51 8.84
40.633 -1956.4 -3741.3 -32.6 160.51 8.84
40.683 -1956.4 -3741.3 -32.6 160.51 8.84
40.733 -1956.4 -3741.3 -32.6 160.51 8.84
40.783 -1956.4 -3741.3 -32.6 160.51 8.84
40.833 -1956.5 -3741.2 -32.6 160.51 8.04
40.883 -1958.7 -3740.4 -33.0 160.51 4.41
40.933 -1969.0 -3736.8 -34.6 160.51 -0.12
40.983 -1986.5 -3730.6 -36.9 160.51 -4.64
41.034 -2007.7 -3723.1 -38.9 160.51 -6.30
41.084 -2031.5 -3714.7 -39.7 160.51 -6.30
41.134 -2057.4 -3705.5 -39.2 160.51 -6.30
41.184 -2083.8 -3696.2 -37.7 160.51 -6.30
41.234 -2110.6 -3686.7 -35.6 160.51 -6.30
41.284 -2136.3 -3677.6 -33.2 160.51 -6.30
41.334 -2215.4 -3649.6 -24.8 160.51 -6.30
41.384 -2190.3 -3658.5 -27.6 160.51 -6.30
41.434 -2209.6 -3651.7 -25.5 160.51 -6.30
41.485 -2246.3 -3638.7 -21.3 160.51 -6.30
41.535 -2272.1 -3629.6 -18.4 160.51 -6.30
41.585 -2350.1 -3602.0 -9.3 160.51 -6.30
41.635 -2325.0 -3610.8 -12.3 160.51 -6.30
41.685 -2343.7 -3604.2 -10.1 160.51 -6.30
41.735 -2430.2 -3573.6 0.0 160.51 -6.30
41.785 -2405.1 -3582.5 -2.9 160.51 -6.30
41.835 -2424.7 -3575.5 -0.6 160.51 -6.30
41.885 -2459.5 -3563.3 3.4 160.51 -6.30
41.936 -2478.1 -3556.7 5.6 160.51 -6.30
41.986 -2511.9 -3544.7 9.6 160.51 -6.30
42.036 -2538.0 -3535.5 12.6 160.51 -6.30
42.086 -2564.2 -3526.2 15.7 160.51 -6.30
42.136 -2589.9 -3517.1 18.7 160.51 -6.30
42.186 -2616.0 -3507.9 21.8 160.51 -6.30
42.236 -2642.8 -3498.4 24.9 160.51 -6.30
42.286 -2670.5 -3488.6 28.1 160.51 -6.30
42.336 -2696.6 -3479.4 31.2 160.51 -6.30
42.386 -2716.9 -3472.2 33.6 160.51 -6.30
42.436 -2751.8 -3459.8 37.6 160.51 -6.30
42.487 -2770.2 -3453.3 39.8 160.51 -6.30
42.537 -2805.1 -3441.0 43.9 160.51 -6.30
42.587 -2822.2 -3434.9 45.9 160.51 -6.30
42.637 -2847.8 -3425.8 48.9 160.51 -6.30
42.687 -2873.5 -3416.8 51.9 160.51 -6.30
42.737 -2908.7 -3404.3 56.0 160.51 -6.30
42.787 -2934.4 -3395.2 59.0 160.51 -6.30
42.837 -2960.6 -3386.0 62.1 160.51 -6.30
42.887 -2988.3 -3376.1 65.3 160.51 -6.30
42.937 -3014.5 -3366.9 68.4 160.51 -6.30
42.987 -3041.2 -3357.4 71.5 160.51 -6.30
43.038 -3069.0 -3347.6 74.8 160.51 -6.30
43.088 -3096.8 -3337.8 78.0 160.51 -6.30
43.138 -3124.0 -3328.1 81.2 160.51 -6.30
43.188 -3150.8 -3318.7 84.3 160.51 -6.30
43.238 -3178.3 -3308.9 87.6 160.51 -6.30
43.288 -3197.4 -3302.2 89.8 160.51 -6.30
43.338 -3232.4 -3289.8 93.9 160.51 -6.30
43.388 -3259.7 -3280.1 97.1 160.51 -6.30
43.438 -3285.9 -3270.9 100.2 160.51 -6.30
43.488 -3312.3 -3261.5 103.3 159.49 -6.30
43.539 -3330.1 -3255.2 105.3 155.46 -6.30
43.589 -3356.9 -3246.0 108.5 148.38 -6.30
43.639 -3391.9 -3239.4 112.3 138.26 -6.30
43.689 -3417.9 -3244.2 114.6 125.55 -6.30
43.739 -3441.5 -3256.4 116.2 112.35 -6.30
43.789 -3466.3 -3272.9 117.2 98.80 -6.30
43.839 -3490.4 -3290.4 117.5 98.15 -6.30
43.889 -3511.2 -3308.1 117.2 98.15 -6.30
43.939 -3527.2 -3323.9 116.4 98.15 -6.30
43.989 -3550.7 -3349.1 114.7 98.15 -6.30
44.039 -3563.9 -3364.6 113.4 97.82 -6.30
44.090 -3587.3 -3393.0 111.0 94.81 -6.30
44.140 -3604.9 -3415.1 109.0 88.78 -6.30
44.190 -3623.6 -3438.4 106.8 79.62 -6.30
44.240 -3640.8 -3458.8 104.8 66.52 -6.30
44.290 -3651.6 -3470.4 103.6 55.15 -6.30
44.340 -3679.3 -3494.4 100.8 45.26 -6.30
44.390 -3701.3 -3508.5 98.7 45.26 -6.30
44.440 -3793.6 -3531.4 91.0 45.26 -6.30
44.490 -3750.0 -3524.6 94.5 45.26 -6.30
44.540 -3848.3 -3535.1 86.6 43.75 -5.82
44.591 -3819.5 -3533.5 88.9 40.40 -5.33
44.641 -3837.5 -3534.6 87.5 34.28 -4.66
44.691 -3860.2 -3535.4 85.7 25.13 -3.14
44.741 -3895.4 -3534.7 83.2 14.57 -0.91
44.791 -3932.1 -3528.9 81.0 2.36 3.04
44.841 -3948.8 -3524.8 80.2 -3.77 5.16
44.891 -3986.5 -3508.0 79.2 -14.16 8.76
44.941 -4012.4 -3491.5 79.7 -23.64 12.13
44.991 -4081.7 -3430.9 88.1 -24.53 17.30
45.042 -4053.3 -3458.1 83.1 -24.53 20.53
45.092 -4079.1 -3433.8 87.7 -24.53 20.53
45.142 -4101.3 -3414.9 93.8 -24.53 20.53
45.192 -4126.4 -3397.2 101.9 -24.53 20.53
45.242 -4146.0 -3385.3 109.0 -24.53 20.53
45.292 -4169.7 -3372.3 118.0 -24.53 20.53
45.342 -4195.0 -3359.1 127.9 -24.53 20.53
45.392 -4218.8 -3347.3 137.4 -24.53 20.53
45.442 -4242.0 -3336.1 146.7 -24.53 22.55
45.493 -4266.4 -3324.6 156.6 -24.53 26.98
45.543 -4290.1 -3313.5 166.4 -24.53 31.48
45.593 -4314.4 -3302.3 177.1 -24.53 35.98
45.643 -4342.0 -3289.5 190.9 -24.53 40.77
45.693 -4365.0 -3279.0 203.8 -24.53 45.32
45.743 -4383.9 -3270.3 216.4 -24.53 49.82
45.793 -4405.8 -3260.3 233.2 -24.53 54.35
45.843 -4426.2 -3251.0 251.3 -24.53 58.87
45.893 -4445.9 -3242.0 271.7 -24.53 58.87
45.943 -4464.0 -3233.7 293.6 -24.53 58.87
45.994 -4480.1 -3226.4 315.9 -24.53 58.87
46.044 -4495.6 -3219.3 339.6 -24.18 57.84
46.094 -4509.9 -3212.8 362.7 -22.51 54.00
46.144 -4524.2 -3206.2 386.8 -20.88 49.74
46.194 -4538.3 -3199.9 410.4 -19.20 45.43
46.244 -4553.6 -3193.3 434.4 -17.60 41.16
46.294 -4570.1 -3186.6 457.8 -15.93 36.87
46.344 -4587.7 -3179.9 480.0 -14.28 32.61
46.394 -4657.9 -3158.0 545.4 -12.06 26.88
46.444 -4628.2 -3166.5 521.4 -10.94 23.96
46.495 -4651.3 -3159.8 540.2 -10.31 22.46
46.545 -4677.6 -3153.1 558.3 -10.31 22.46
46.595 -4754.4 -3136.9 598.8 -10.31 22.46
46.645 -4726.7 -3142.4 585.4 -10.31 22.46
46.695 -4750.7 -3137.6 597.1 -10.31 22.09
46.745 -4770.7 -3133.7 606.3 -10.31 19.42
46.795 -4798.3 -3128.5 618.7 -10.31 14.46
46.845 -4819.0 -3124.6 627.5 -10.31 10.58
46.895 -4858.0 -3117.4 642.4 -10.31 5.57
46.946 -4883.8 -3112.6 650.6 -10.31 2.59
46.996 -4901.9 -3109.3 655.1 -10.31 2.59
47.046 -4928.6 -3104.5 661.4 -10.31 2.59
47.096 -4945.3 -3101.4 665.2 -10.31 2.59
47.146 -4950.0 -3100.5 666.3 -10.31 2.59
47.196 -4947.5 -3101.0 667.1 -10.31 2.59
47.246 -4887.3 -3111.9 665.1 -10.31 2.59
47.296 -4918.6 -3106.2 666.3 -10.31 2.59
47.346 -4892.8 -3110.9 665.3 -10.31 2.59
47.396 -4861.1 -3116.7 664.0 -10.31 2.59
47.446 -4777.6 -3131.9 660.2 -10.31 2.59
47.497 -4815.8 -3124.9 662.0 -10.31 2.59
47.547 -4782.0 -3131.1 660.4 -10.31 2.59
47.597 -4758.2 -3135.4 659.3 -10.23 2.59
47.647 -4726.1 -3141.2 657.9 -7.37 2.55
47.697 -4703.3 -3145.4 656.8 -3.31 1.50
47.747 -4666.1 -3152.0 655.1 6.97 0.89
47.797 -4649.8 -3154.5 654.4 11.09 0.89
47.847 -4612.1 -3158.1 653.1 11.09 0.89
47.897 -4591.4 -3158.0 652.6 11.09 0.89
47.948 -4496.0 -3151.9 650.6 11.09 0.89
47.998 -4533.6 -3154.4 651.3 11.09 0.89
48.048 -4436.8 -3153.1 649.6 11.09 0.89
48.098 -4475.0 -3151.5 650.2 11.09 0.89
48.148 -4446.7 -3152.6 649.7 11.09 0.89
48.198 -4413.7 -3155.2 649.2 9.25 0.89
48.248 -4394.3 -3157.5 648.9 4.91 0.89
48.298 -4295.9 -3175.8 647.4 -0.84 0.89
48.348 -4331.8 -3167.1 648.0 -0.84 0.89
48.399 -4300.9 -3174.6 647.5 -0.84 0.89
48.449 -4270.7 -3183.5 647.0 -0.84 0.89
48.499 -4252.2 -3189.6 646.7 -0.84 0.89
48.549 -4162.9 -3222.5 645.4 -0.84 0.89
48.599 -4194.6 -3210.4 645.9 -0.84 0.89
48.649 -4162.9 -3222.5 645.4 -0.84 0.89
48.699 -4140.3 -3231.3 645.0 -0.84 0.89
48.749 -4117.0 -3240.3 644.6 -0.40 0.89
48.799 -4028.4 -3274.6 643.3 5.27 0.89
48.849 -4061.4 -3262.2 643.8 10.45 0.89
48.900 -4043.3 -3269.2 643.5 17.84 0.89
48.950 -3948.5 -3292.4 642.0 28.43 0.89
49.000 -3982.8 -3287.8 642.6 28.43 0.89
49.050 -3886.0 -3290.7 641.1 28.43 0.89
49.100 -3920.2 -3293.1 641.6 28.43 0.89
49.150 -3899.4 -3292.1 641.3 28.43 0.89
49.200 -3870.4 -3288.1 640.9 28.43 0.89
49.250 -3839.3 -3281.0 640.4 28.43 0.89
49.300 -3819.5 -3274.4 640.0 28.43 0.89
49.351 -3726.2 -3232.6 638.4 28.43 0.89
49.401 -3758.7 -3248.5 639.0 28.43 0.89
49.451 -3672.1 -3204.4 637.5 30.99 0.89
49.501 -3700.4 -3219.3 638.0 35.58 0.89
49.551 -3683.4 -3210.4 637.7 41.49 0.89
49.601 -3656.9 -3195.5 637.2 41.49 0.89
49.651 -3632.9 -3180.7 636.8 41.49 0.89
49.701 -3607.4 -3162.3 636.3 41.49 0.89
49.751 -3584.9 -3145.0 635.8 41.49 0.89
49.801 -3559.8 -3124.5 635.3 41.49 0.89
49.852 -3538.6 -3106.6 634.9 41.49 0.89
49.902 -3515.1 -3086.5 634.4 41.49 0.89
49.952 -3494.6 -3068.7 634.0 41.49 0.89
50.002 -3425.5 -3008.2 632.6 41.49 0.89
50.052 -3450.0 -3029.7 633.1 41.49 0.89
50.102 -3382.8 -2970.5 631.7 41.49 0.89
50.152 -3411.9 -2996.2 632.3 41.49 0.89
50.202 -3340.9 -2933.5 630.8 41.49 0.89
50.252 -3370.2 -2959.4 631.4 41.49 0.89
50.303 -3302.8 -2892.6 629.9 41.49 0.89
50.353 -3328.6 -2922.0 630.5 41.49 0.89
50.403 -3307.6 -2899.6 630.1 41.49 0.89
50.453 -3297.1 -2881.9 629.8 41.49 0.89
50.503 -3286.2 -2852.0 629.3 41.49 0.89
50.553 -3276.8 -2812.5 628.8 41.49 0.89
50.603 -3273.2 -2790.4 628.5 41.49 0.89
50.653 -3269.7 -2763.9 628.2 41.49 0.89
50.703 -3266.7 -2735.0 627.9 41.49 0.89
50.754 -3264.2 -2707.5 627.6 41.49 0.89
50.804 -3261.7 -2675.9 627.2 41.49 0.89
50.854 -3259.6 -2649.2 626.9 41.49 0.89
50.904 -3253.8 -2622.0 626.6 41.49 0.89
50.954 -3246.0 -2604.2 626.3 41.49 0.89
51.004 -3225.8 -2573.5 625.7 41.49 0.89
51.054 -3213.9 -2558.6 625.4 41.49 0.89
51.104 -3187.0 -2529.4 624.8 41.49 0.89
51.154 -3119.9 -2465.0 623.4 41.49 0.89
51.204 -3147.9 -2491.1 624.0 41.49 0.89
51.255 -3127.9 -2472.4 623.6 41.49 0.89
51.305 -3104.9 -2451.3 623.1 41.49 0.89
51.355 -3079.4 -2428.4 622.5 41.49 0.89
51.405 -3063.4 -2414.0 622.2 41.49 0.89
51.455 -3041.9 -2394.8 621.7 41.49 0.89
51.505 -3019.6 -2375.0 621.3 41.49 0.89
51.555 -2998.8 -2356.0 620.8 41.49 0.89
51.605 -2977.5 -2334.6 620.4 41.49 0.89
51.655 -2959.2 -2315.1 620.0 41.49 0.89
51.705 -2939.1 -2292.7 619.5 41.49 0.89
51.756 -2915.5 -2267.5 619.0 41.49 0.89
51.806 -2901.7 -2253.8 618.7 41.49 0.89
51.856 -2877.1 -2229.2 618.1 41.07 0.89
51.906 -2865.3 -2214.7 617.8 38.86 0.89
51.956 -2850.3 -2185.3 617.3 32.89 0.89
52.006 -2842.3 -2160.0 617.0 27.46 0.89
52.056 -2833.9 -2127.8 616.6 27.46 0.89
52.106 -2826.2 -2097.6 616.2 27.46 0.89
52.156 -2818.8 -2070.7 615.9 27.46 0.89
52.207 -2810.8 -2043.2 615.6 27.46 0.89
52.257 -2802.9 -2016.8 615.2 27.46 0.89
52.307 -2794.4 -1989.1 614.9 27.46 0.89
52.357 -2786.0 -1962.1 614.6 27.46 0.89
52.407 -2777.5 -1934.7 614.3 27.46 0.89
52.457 -2768.6 -1906.2 614.0 27.46 0.89
52.507 -2760.0 -1878.7 613.6 27.46 0.89
52.557 -2751.1 -1850.7 613.3 27.46 0.89
52.607 -2742.0 -1821.8 613.0 27.46 0.89
52.657 -2734.8 -1798.8 612.7 27.46 0.89
52.708 -2726.7 -1773.3 612.4 27.46 0.89
52.758 -2716.6 -1741.3 612.1 27.46 0.89
52.808 -2708.4 -1715.5 611.8 27.46 0.89
52.858 -2700.4 -1689.9 611.5 27.46 0.89
52.908 -2691.4 -1661.7 611.1 27.95 0.89
52.958 -2682.7 -1634.2 610.8 31.19 0.89
53.008 -2673.9 -1605.9 610.5 37.84 0.89
53.058 -2667.6 -1585.0 610.2 46.92 0.89
53.108 -2652.9 -1499.8 609.3 61.92 0.89
53.159 -2656.1 -1471.6 609.0 68.95 0.89
53.209 -2653.1 -1508.5 609.4 68.95 0.89
53.259 -2654.7 -1480.9 609.1 68.95 0.89
53.309 -2680.8 -1389.7 608.0 68.95 0.89
53.359 -2665.0 -1436.1 608.5 68.95 0.89
53.409 -2677.3 -1399.4 608.1 68.95 0.89
53.459 -2688.1 -1371.0 607.8 69.96 0.89
53.509 -2696.4 -1350.6 607.5 74.60 2.50
53.559 -2716.4 -1254.9 604.9 83.85 6.31
53.609 -2714.0 -1299.0 606.7 89.85 8.39
53.660 -2716.3 -1273.8 606.0 89.85 11.39
53.710 -2716.4 -1241.5 603.6 89.85 17.30
53.760 -2716.4 -1140.3 583.6 89.85 23.28
53.810 -2716.5 -1181.7 594.3 89.85 26.26
53.860 -2716.4 -1142.9 584.4 89.85 26.26
53.910 -2716.4 -1113.6 573.8 89.85 26.26
53.960 -2716.3 -1077.8 559.1 89.85 26.26
54.010 -2716.2 -1051.3 547.5 89.85 26.26
54.060 -2716.2 -1027.2 536.4 89.85 26.26
54.110 -2716.1 -1001.9 524.5 89.85 25.91
54.161 -2715.9 -915.8 483.4 89.85 21.38
54.211 -2716.0 -950.0 499.5 89.85 18.31
54.261 -2715.9 -920.6 485.6 89.85 12.73
54.311 -2715.7 -838.3 455.1 89.85 7.46
54.361 -2715.8 -874.4 466.5 89.85 4.13
54.411 -2715.7 -838.3 455.1 89.85 3.81
54.461 -2715.6 -819.4 450.7 89.85 3.81
54.511 -2715.6 -793.9 446.1 89.85 3.81
54.561 -2713.8 -698.1 434.8 89.85 3.81
54.612 -2715.3 -727.3 437.6 89.85 3.81
54.662 -2696.0 -638.9 430.1 89.85 3.81
54.712 -2683.7 -618.0 428.5 89.85 3.81
54.762 -2697.1 -641.6 430.3 89.85 3.81
54.812 -2685.4 -620.9 428.7 89.85 3.81
54.862 -2672.0 -601.7 427.4 89.85 3.81
54.912 -2657.5 -583.2 426.0 89.85 3.81
54.962 -2590.8 -509.6 421.0 89.85 3.81
55.012 -2609.8 -529.5 422.3 89.89 3.80
55.063 -2593.0 -511.8 421.2 92.54 1.27
55.113 -2575.9 -494.3 420.0 97.79 -1.78
55.163 -2558.9 -476.8 418.9 104.63 -3.68
55.213 -2542.4 -458.7 418.2 111.34 -3.68
55.263 -2506.0 -367.3 420.2 111.34 -3.68
55.313 -2511.6 -407.0 418.5 111.34 -3.68
55.363 -2506.9 -373.5 419.9 111.34 -3.68
55.413 -2507.7 -347.6 421.3 111.34 -3.68
55.463 -2511.7 -322.4 422.7 111.34 -3.68
55.513 -2517.8 -296.9 424.3 111.34 -3.68
55.563 -2524.9 -272.3 425.9 111.34 -3.68
55.614 -2558.5 -176.1 432.3 111.34 -3.68
55.664 -2545.7 -210.8 429.9 111.34 -3.68
55.714 -2557.5 -178.9 432.1 111.34 -3.68
55.764 -2566.1 -156.0 433.7 111.34 -3.68
55.814 -2574.7 -133.3 435.2 111.34 -3.68
55.864 -2610.3 -41.2 441.6 111.34 -3.68
55.914 -2597.0 -75.6 439.2 111.34 -3.68
55.964 -2610.3 -41.2 441.6 111.34 -3.68
56.014 -2618.9 -19.3 443.1 111.34 -3.68
56.065 -2652.1 65.8 448.9 111.34 -3.68
56.115 -2639.1 32.4 446.6 111.34 -3.68
56.165 -2673.6 120.9 452.7 111.34 -3.68
56.215 -2682.3 143.2 454.3 111.34 -3.68
56.265 -2669.7 111.0 452.1 111.34 -3.68
56.315 -2681.3 140.6 454.1 111.34 -3.68
56.365 -2690.3 163.6 455.7 111.34 -3.68
56.415 -2701.5 194.1 457.8 111.34 -3.68
56.465 -2706.5 214.1 459.1 111.34 -3.68
56.515 -2713.0 312.2 465.1 111.34 -3.68
56.566 -2714.0 276.8 463.0 111.34 -3.68
56.616 -2713.7 297.0 464.2 111.34 -3.68
56.666 -2702.8 397.0 469.9 111.34 -3.68
56.716 -2698.8 422.1 471.4 111.34 -3.68
56.766 -2704.6 385.5 469.3 111.34 -3.68
56.816 -2698.8 422.1 471.4 111.34 -3.68
56.866 -2694.6 447.1 472.8 111.34 -3.68
56.916 -2690.0 473.3 474.2 111.34 -3.68
56.966 -2685.5 502.5 475.9 111.34 -3.68
57.017 -2684.4 531.2 477.5 111.34 -3.68
57.067 -2685.7 560.2 479.3 111.34 -3.68
57.117 -2688.5 588.9 481.1 111.34 -3.68
57.167 -2692.2 617.0 482.9 111.34 -3.68
57.217 -2696.6 646.1 484.7 111.34 -3.68
57.267 -2701.6 675.6 486.6 111.34 -3.68
57.317 -2716.8 758.8 491.9 111.34 -3.68
57.367 -2708.1 711.8 488.9 111.34 -3.68
57.417 -2714.0 743.8 491.0 111.34 -3.68
57.467 -2720.2 776.3 493.1 111.34 -3.68
57.517 -2726.2 808.1 495.1 111.34 -3.68
57.568 -2732.7 841.4 497.2 111.34 -3.68
57.618 -2738.2 870.3 499.1 111.34 -3.68
57.668 -2744.0 900.0 501.0 111.34 -3.68
57.718 -2749.0 926.0 502.7 111.34 -3.68
57.768 -2765.6 1011.5 508.2 111.34 -3.68
57.818 -2771.3 1040.9 510.1 111.34 -3.68
57.868 -2776.9 1069.7 511.9 111.34 -3.68
57.918 -2782.2 1097.4 513.7 111.34 -3.68
57.968 -2787.5 1124.5 515.5 111.34 -3.68
58.019 -2793.2 1153.9 517.4 111.34 -3.68
58.069 -2784.9 1111.2 514.6 111.34 -3.68
58.119 -2790.5 1140.1 516.5 111.34 -3.68
58.169 -2796.4 1170.7 518.4 111.34 -1.38
58.219 -2802.4 1201.7 520.4 111.34 3.26
58.269 -2808.3 1231.7 522.0 111.34 3.26
58.319 -2814.2 1262.3 522.7 111.34 3.26
58.369 -2819.4 1288.9 522.5 111.34 3.26
58.419 -2823.3 1309.3 521.9 111.34 3.26
58.469 -2841.4 1402.5 517.9 111.34 3.26
58.520 -2847.1 1431.9 516.4 111.34 3.26
58.570 -2838.6 1388.1 518.7 111.34 3.26
58.620 -2844.7 1419.2 517.1 111.34 3.26
58.670 -2850.6 1449.8 515.4 111.34 3.26
58.720 -2856.7 1481.4 513.7 111.34 3.26
58.770 -2862.0 1508.5 512.2 113.71 3.08
58.820 -2865.7 1527.8 511.1 120.18 1.10
58.870 -2872.2 1559.9 509.3 129.39 0.29
58.920 -2879.4 1590.1 507.8 129.39 0.29
58.970 -2888.3 1618.8 506.8 129.39 0.29
59.021 -2925.2 1701.5 505.2 129.39 0.29
59.071 -2906.5 1663.3 505.7 129.39 0.29
59.121 -2920.1 1691.4 505.3 129.39 0.29
59.171 -2933.6 1717.8 505.0 129.39 0.29
59.221 -2949.1 1747.2 504.8 129.39 0.29
59.271 -2962.6 1772.2 504.6 129.39 0.29
59.321 -2972.2 1789.8 504.5 129.39 0.29
59.371 -2986.8 1816.4 504.3 129.39 0.29
59.421 -3001.3 1842.8 504.1 129.39 0.29
59.471 -3015.8 1869.1 504.0 129.39 0.29
59.521 -3030.2 1895.1 503.8 129.39 0.29
59.572 -3045.0 1921.8 503.7 129.39 0.29
59.622 -3059.5 1948.0 503.5 129.39 0.29
59.672 -3074.8 1975.5 503.4 129.39 0.29
59.722 -3089.6 2001.8 503.2 129.39 0.29
59.772 -3103.4 2025.5 503.1 129.39 0.29
59.822 -3118.5 2050.5 502.9 129.39 0.29
59.872 -3134.2 2074.8 502.8 129.39 0.29
59.922 -3150.4 2098.0 502.6 129.39 0.29
59.972 -3167.5 2120.9 502.5 129.39 0.29
60.023 -3184.4 2142.8 502.4 129.39 0.29
60.073 -3201.7 2164.7 502.2 129.39 0.29
60.123 -3218.9 2186.2 502.1 129.39 0.29
60.173 -3236.4 2207.8 501.9 129.39 0.29
60.223 -3253.8 2229.3 501.8 129.39 0.29
60.273 -3270.9 2250.2 501.7 129.39 0.29
60.323 -3288.6 2271.9 501.5 129.39 0.29
60.373 -3306.4 2293.6 501.4 129.39 0.29
60.423 -3323.0 2313.8 501.2 129.39 0.29
60.473 -3340.2 2334.8 501.1 129.39 0.29
60.523 -3357.9 2356.5 501.0 129.39 0.29
60.574 -3422.9 2435.6 500.4 129.39 0.29
60.624 -3391.7 2397.6 500.7 129.39 0.29
60.674 -3459.4 2480.1 500.2 129.39 0.29
60.724 -3427.5 2441.2 500.4 129.39 0.29
60.774 -3446.2 2464.0 500.3 129.39 0.29
60.824 -3512.8 2547.4 499.7 129.39 0.29
60.874 -3489.0 2516.3 499.9 129.39 0.29
60.924 -3504.1 2535.7 499.8 129.39 0.29
60.974 -3519.2 2559.6 499.7 129.39 0.29
61.025 -3553.1 2653.3 499.2 129.39 0.29
61.075 -3543.8 2619.5 499.3 129.39 0.29
61.125 -3549.9 2641.0 499.2 129.39 0.29
61.175 -3556.5 2668.3 499.1 129.39 0.29
61.225 -3576.5 2765.8 498.7 129.39 0.29
61.275 -3569.8 2731.2 498.8 129.39 0.29
61.325 -3573.8 2752.0 498.7 129.39 0.29
61.375 -3581.5 2792.9 498.5 129.39 0.29
61.425 -3585.6 2815.7 498.4 129.39 0.29
61.475 -3589.2 2835.8 498.4 129.39 0.29
61.526 -3600.1 2872.7 498.2 131.27 0.29
61.576 -3609.9 2894.7 498.1 134.93 0.29
61.626 -3623.8 2918.3 497.9 141.50 0.29
61.676 -3645.1 2948.9 497.7 147.61 0.29
61.726 -3658.6 2964.8 497.6 147.61 0.29
61.776 -3685.9 2991.2 497.4 147.61 0.29
61.826 -3703.2 3005.8 497.3 147.61 0.29
61.876 -3732.0 3027.5 497.1 147.61 0.29
61.926 -3750.5 3040.7 497.0 147.61 0.29
61.976 -3827.2 3091.8 496.6 147.61 0.29
62.026 -3797.9 3072.6 496.7 147.61 0.29
62.077 -3819.0 3086.5 496.6 147.61 0.29
62.127 -3836.5 3097.8 496.5 147.61 0.29
62.177 -3872.4 3120.9 496.3 147.61 0.29
62.227 -3893.0 3134.1 496.2 147.61 0.29
62.277 -3910.8 3145.4 496.1 147.61 0.29
62.327 -3944.9 3167.1 495.9 147.61 0.29
62.377 -3964.8 3179.7 495.7 147.61 0.29
62.427 -3981.7 3190.5 495.6 147.61 0.29
62.477 -4015.9 3212.2 495.4 147.61 0.29
62.527 -4036.3 3225.2 495.3 147.61 0.29
62.578 -4053.9 3236.3 495.2 147.61 0.29
62.628 -4138.3 3289.9 494.7 147.61 0.29
62.678 -4111.4 3272.8 494.9 147.61 0.29
62.728 -4129.6 3284.4 494.7 147.61 0.29
62.778 -4212.4 3336.9 494.3 147.61 0.29
62.828 -4183.2 3318.3 494.4 147.61 0.29
62.878 -4204.4 3331.8 494.3 147.61 0.29
62.928 -4222.4 3343.2 494.2 147.61 0.29
62.978 -4260.5 3367.4 494.0 147.61 0.29
63.029 -4280.2 3379.9 493.8 147.61 0.29
63.079 -4300.2 3392.8 493.7 148.13 0.29
63.129 -4318.9 3405.9 493.6 151.28 0.29
63.179 -4393.8 3473.3 493.1 159.43 0.29
63.229 -4371.5 3452.3 493.3 164.35 0.29
63.279 -4388.5 3468.4 493.2 164.35 0.29
63.329 -4406.2 3483.9 493.0 164.35 0.29
63.379 -4426.2 3500.1 492.9 164.35 0.29
63.429 -4446.7 3515.7 492.8 164.35 0.29
63.479 -4532.9 3576.4 492.3 164.35 0.29
63.530 -4506.9 3558.5 492.4 164.35 0.29
63.580 -4528.1 3573.1 492.3 164.35 0.29
63.630 -4546.4 3585.6 492.2 164.35 0.29
63.680 -4628.7 3635.6 491.7 164.35 0.29
63.730 -4601.3 3621.6 491.9 164.35 0.29
63.780 -4622.9 3632.8 491.8 166.29 0.29
63.830 -4643.6 3641.8 491.7 170.04 0.29
63.880 -4739.5 3670.7 491.1 173.61 0.29
63.930 -4710.0 3664.0 491.3 173.61 0.29
63.981 -4734.3 3669.6 491.2 173.61 0.29
64.031 -4758.1 3674.1 491.1 173.61 0.29
64.081 -4853.4 3688.0 490.6 173.61 0.29
64.131 -4825.4 3684.3 490.7 173.61 0.29
64.181 -4847.9 3687.3 490.6 173.61 0.29
64.231 -4938.3 3698.1 490.1 173.61 0.29
64.281 -4899.7 3693.6 490.3 173.61 0.29
64.331 -4928.5 3697.0 490.2 173.61 0.29
64.381 -4960.6 3700.7 490.0 173.61 0.29
64.432 -4981.1 3703.0 489.9 173.61 0.29
64.482 -5021.5 3707.6 489.7 173.61 0.29
64.532 -5039.7 3709.7 489.6 173.61 0.29
64.582 -5080.3 3714.2 489.4 173.61 0.29
64.632 -5097.6 3716.2 489.3 173.61 0.29
64.682 -5135.0 3720.4 489.1 173.61 0.29
64.732 -5153.4 3722.4 489.0 173.61 0.29
64.782 -5192.0 3726.8 488.8 173.61 0.29
64.832 -5209.7 3728.8 488.8 173.61 0.29
64.882 -5245.7 3732.8 488.6 173.61 0.29
64.933 -5275.1 3736.1 488.4 173.61 0.29
64.983 -5301.2 3739.0 488.3 173.61 0.29
65.033 -5338.5 3743.2 488.1 173.61 0.29
65.083 -5363.7 3746.0 488.0 173.61 0.29
65.133 -5388.4 3748.8 487.8 173.61 0.29
65.183 -5414.1 3751.7 487.7 173.61 0.29
65.233 -5447.9 3755.5 487.5 173.61 0.29
65.283 -5482.5 3759.8 487.4 173.61 0.29
65.333 -5512.3 3765.8 487.2 173.61 0.29
65.384 -5590.3 3799.7 486.8 173.61 0.29
65.434 -5614.0 3815.7 486.7 173.61 0.29
65.484 -5636.9 3833.8 486.6 173.61 0.29
65.534 -5606.1 3810.1 486.7 173.61 0.29
65.584 -5631.7 3829.6 486.6 173.61 0.29
65.634 -5698.7 3891.1 486.2 173.61 0.29
65.684 -5675.0 3869.3 486.3 173.61 0.29
65.734 -5692.0 3885.6 486.3 173.61 0.29
65.784 -5719.7 3903.1 486.1 173.61 0.29
65.835 -5748.7 3914.5 486.0 173.61 0.29
65.885 -5772.0 3921.0 485.8 173.61 0.29
65.935 -5792.3 3925.8 485.7 173.61 0.29
65.985 -5826.2 3932.3 485.6 173.61 0.29
66.035 -5858.6 3937.4 485.4 173.61 0.29
66.085 -5891.2 3941.9 485.2 173.61 0.29
66.135 -5917.4 3945.3 485.1 173.61 0.29
66.185 -6008.6 3956.2 484.6 173.61 0.29
66.236 -5971.4 3951.9 484.8 173.61 0.29
66.286 -6002.6 3955.5 484.7 173.61 0.29
66.336 -6031.9 3958.9 484.5 173.61 0.29
66.386 -6054.4 3961.5 484.4 173.61 0.29
66.436 -6088.1 3965.3 484.2 173.61 0.29
66.486 -6117.0 3968.5 484.1 173.61 0.29
66.536 -6147.6 3972.0 483.9 173.61 0.29
66.586 -6178.4 3975.4 483.8 173.61 0.29
66.636 -6206.5 3978.6 483.6 173.61 0.29
66.686 -6235.4 3981.8 483.5 173.61 0.29
66.737 -6263.5 3985.0 483.3 173.61 0.29
66.787 -6291.8 3988.2 483.2 173.61 0.29
66.837 -6320.0 3991.3 483.0 173.61 0.29
66.887 -6347.9 3994.5 482.9 173.61 0.29
66.937 -6376.8 3997.7 482.8 173.61 0.29
66.987 -6404.2 4000.8 482.6 173.61 0.29
67.037 -6433.3 4004.0 482.5 173.61 0.29
67.087 -6461.0 4007.1 482.3 173.61 0.29
67.137 -6489.2 4010.3 482.2 173.61 0.29
67.187 -6518.4 4013.6 482.0 173.61 0.29
67.238 -6547.3 4016.8 481.9 173.61 0.29
67.288 -6576.6 4020.1 481.7 173.61 0.29
67.338 -6606.2 4023.4 481.6 173.61 0.29
67.388 -6634.4 4026.6 481.5 173.61 0.29
67.438 -6662.3 4029.7 481.3 173.61 0.29
67.488 -6690.2 4032.8 481.2 173.61 0.29
67.538 -6717.6 4035.9 481.0 173.61 0.29
67.588 -6745.6 4039.0 480.9 173.61 0.29
67.638 -6773.9 4042.2 480.7 173.61 0.29
67.688 -6802.8 4045.4 480.6 173.61 0.29
67.739 -6831.1 4048.6 480.5 173.61 0.29
67.789 -6859.0 4051.7 480.3 173.61 0.29
67.839 -6887.6 4054.5 480.2 173.61 0.29
67.889 -6915.7 4056.4 480.0 173.61 0.29
67.939 -6943.6 4057.5 479.9 173.61 0.29
67.989 -6972.4 4058.1 479.7 173.61 0.29
68.039 -7001.3 4058.3 479.6 173.61 0.29
68.089 -7030.4 4058.0 479.4 173.61 0.29
68.139 -7060.1 4055.8 479.3 173.61 0.29
68.189 -7088.1 4050.6 479.2 173.61 0.29
68.239 -7115.7 4042.4 479.0 173.61 0.29
68.290 -7141.8 4032.4 478.9 173.61 0.29
68.340 -7167.8 4021.0 478.8 173.61 0.29
68.390 -7192.6 4009.2 478.7 173.61 0.29
68.440 -7218.6 3996.2 478.5 173.61 0.29
68.490 -7244.2 3982.8 478.4 171.58 0.29
68.540 -7269.2 3970.7 478.3 166.50 0.29
68.590 -7296.3 3961.7 478.2 158.41 0.29
68.640 -7324.0 3958.2 478.0 158.37 0.29
68.690 -7352.2 3959.0 477.9 158.37 0.29
68.740 -7380.7 3963.5 477.7 158.37 0.29
68.791 -7408.7 3970.2 477.6 158.37 0.29
68.841 -7436.7 3978.4 477.4 158.37 0.29
68.891 -7463.8 3987.4 477.3 158.03 0.29
68.941 -7491.5 3997.1 477.2 154.99 0.29
68.991 -7519.1 4007.4 477.0 148.89 0.29
69.041 -7542.4 4016.5 476.9 139.08 0.29
69.091 -7567.2 4027.6 476.7 125.74 0.29
69.141 -7587.3 4037.1 476.6 117.69 0.29
69.191 -7609.8 4051.7 476.5 108.98 0.29
69.242 -7630.7 4070.3 476.3 108.98 0.29
69.292 -7646.7 4092.5 476.2 108.98 0.29
69.342 -7664.5 4123.5 476.0 108.98 0.29
69.392 -7679.0 4154.4 475.8 108.98 0.29
69.442 -7690.2 4181.2 475.7 108.98 0.29
69.492 -7701.2 4209.2 475.5 108.98 0.29
69.542 -7711.3 4236.6 475.4 107.84 0.29
69.592 -7718.0 4254.8 475.3 103.84 0.29
69.642 -7728.0 4283.6 475.1 99.65 0.29
69.692 -7739.1 4317.4 474.9 99.65 0.29
69.743 -7744.7 4336.7 474.8 99.65 0.29
69.793 -7764.7 4428.2 474.4 99.65 0.29
69.843 -7754.2 4376.4 474.6 99.65 0.29
69.893 -7760.4 4406.6 474.5 99.65 0.29
69.943 -7780.4 4515.1 473.9 99.65 0.29
69.993 -7773.9 4478.3 474.1 99.65 0.29
70.043 -7778.4 4503.9 474.0 99.65 0.29
70.093 -7782.8 4529.1 473.9 97.02 0.26
70.144 -7788.5 4562.2 473.7 90.47 -0.07
70.194 -7793.8 4594.3 473.5 90.47 -0.07
70.244 -7797.1 4620.5 473.4 90.47 -0.07
70.294 -7799.4 4647.2 473.4 90.47 -0.07
70.344 -7801.0 4673.6 473.4 90.47 -0.07
70.394 -7803.9 4771.5 473.4 90.47 -0.07
70.444 -7803.1 4736.1 473.4 90.47 -0.07
70.494 -7803.6 4760.2 473.4 90.47 -0.07
70.544 -7804.1 4785.4 473.4 90.47 -0.07
70.595 -7804.5 4816.6 473.4 90.47 -0.07
70.645 -7804.9 4849.3 473.5 90.47 -0.07
70.695 -7805.1 4874.2 473.5 90.47 -0.07
70.745 -7806.0 4972.1 473.6 90.47 -0.07
70.795 -7805.7 4938.5 473.6 90.47 -0.07
70.845 -7805.9 4964.0 473.6 90.47 -0.07
70.895 -7806.1 4988.7 473.7 90.47 -0.07
70.945 -7806.4 5021.5 473.7 90.47 -0.07
70.995 -7806.7 5053.0 473.7 90.47 -0.07
71.046 -7807.4 5144.8 473.9 90.47 -0.07
71.096 -7807.1 5112.1 473.8 90.47 -0.07
71.146 -7807.3 5134.3 473.8 90.47 -0.07
71.196 -7808.1 5231.4 474.0 90.47 -0.07
71.246 -7807.9 5201.5 473.9 90.47 -0.07
71.296 -7808.0 5222.6 474.0 90.47 -0.07
71.346 -7808.2 5244.3 474.0 90.47 -0.07
71.396 -7808.6 5286.7 474.0 90.47 -0.07
71.446 -7808.8 5311.8 474.1 90.47 -0.07
71.497 -7808.9 5333.7 474.1 90.47 -0.07
71.547 -7809.1 5355.3 474.1 90.47 -0.07
71.597 -7809.4 5383.3 474.2 90.47 -0.07
71.647 -7810.2 5485.6 474.3 90.47 -0.07
71.697 -7809.9 5449.8 474.2 90.47 -0.07
71.747 -7810.1 5471.7 474.3 90.47 -0.07
71.797 -7810.4 5513.9 474.3 90.47 -0.07
71.847 -7810.6 5537.1 474.4 90.47 -0.07
71.897 -7811.4 5630.4 474.5 90.47 -0.07
71.947 -7811.1 5595.9 474.4 90.47 -0.07
71.998 -7811.3 5619.1 474.5 90.47 -0.07
72.048 -7811.6 5661.1 474.5 90.47 -0.07
72.098 -7811.8 5682.8 474.5 90.47 -0.07
72.148 -7812.5 5774.1 474.7 90.47 -0.07
72.198 -7812.3 5741.9 474.6 90.47 -0.07
72.248 -7812.5 5764.9 474.6 90.47 -0.07
72.298 -7812.7 5793.7 474.7 90.47 -0.07
72.348 -7812.9 5821.3 474.7 90.47 -0.07
72.398 -7813.7 5916.0 474.8 90.47 -0.07
72.448 -7813.4 5882.9 474.8 90.47 -0.07
72.499 -7814.2 5974.1 474.9 90.47 -0.07
72.549 -7813.9 5941.8 474.9 90.47 -0.07
72.599 -7814.6 6031.7 475.0 90.47 -0.07
72.649 -7814.3 5994.7 474.9 90.47 -0.07
72.699 -7814.6 6023.5 475.0 90.47 -0.07
72.749 -7815.3 6120.0 475.1 90.47 -0.07
72.799 -7815.0 6079.4 475.1 90.47 -0.07
72.849 -7815.8 6178.7 475.2 90.47 -0.07
72.899 -7815.5 6141.1 475.1 90.47 -0.07
72.950 -7816.3 6234.6 475.3 90.47 -0.07
73.000 -7816.0 6197.9 475.2 90.47 -0.07
73.050 -7816.7 6291.6 475.3 90.47 -0.07
73.100 -7816.4 6253.7 475.3 90.47 -0.07
73.150 -7816.7 6292.1 475.3 89.22 -0.07
73.200 -7816.9 6310.3 475.3 86.25 -0.07
73.250 -7817.1 6349.0 475.4 81.01 -0.07
73.300 -7817.0 6365.5 475.4 81.01 -0.07
73.350 -7815.6 6400.4 475.5 81.01 -0.07
73.401 -7805.8 6491.3 475.6 81.01 -0.07
73.451 -7810.7 6452.7 475.5 81.01 -0.07
73.501 -7806.1 6488.8 475.6 81.01 -0.07
73.551 -7793.3 6577.1 475.7 81.01 -0.07
73.601 -7798.8 6540.2 475.6 81.01 -0.07
73.651 -7793.8 6573.8 475.7 81.01 -0.07
73.701 -7790.1 6597.9 475.7 78.98 -0.07
73.751 -7786.7 6619.8 475.8 75.61 -0.07
73.801 -7781.1 6655.0 475.8 69.42 -0.07
73.851 -7776.7 6680.1 475.8 69.42 -0.07
73.902 -7750.9 6773.2 476.0 69.42 -0.07
73.952 -7762.4 6736.7 475.9 69.42 -0.07
74.002 -7751.8 6770.1 476.0 69.42 -0.07
74.052 -7743.9 6793.8 476.0 69.42 -0.07
74.102 -7736.3 6815.3 476.0 69.42 -0.07
74.152 -7724.3 6848.7 476.1 70.06 -0.07
74.202 -7716.0 6871.5 476.1 73.96 -0.07
74.252 -7684.8 6962.2 476.2 81.28 -0.07
74.302 -7695.7 6927.5 476.2 89.38 -0.07
74.353 -7687.8 6951.7 476.2 93.83 -0.07
74.403 -7673.9 7046.9 476.3 93.83 -0.07
74.453 -7676.2 7011.3 476.3 93.83 -0.07
74.503 -7673.9 7046.9 476.3 93.83 -0.07
74.553 -7673.6 7063.8 476.3 93.83 -0.07
74.603 -7674.0 7101.1 476.4 93.83 -0.07
74.653 -7674.6 7118.5 476.4 93.83 -0.07
74.703 -7679.5 7215.0 476.5 93.83 -0.07
74.753 -7677.5 7180.3 476.5 93.83 -0.07
74.803 -7678.7 7200.8 476.5 93.83 -0.07
74.854 -7684.8 7302.5 476.7 93.83 -0.07
74.904 -7682.7 7265.7 476.6 93.83 -0.07
74.954 -7684.4 7295.3 476.6 93.83 -0.07
75.004 -7688.1 7386.1 476.8 93.83 -0.07
75.054 -7686.9 7350.5 476.7 93.83 -0.07
75.104 -7687.6 7370.9 476.7 93.83 -0.07
75.154 -7688.9 7402.9 476.8 93.83 -0.07
75.204 -7694.4 7499.9 476.9 93.83 -0.07
75.254 -7692.0 7459.8 476.9 93.83 -0.07
75.304 -7694.5 7500.9 476.9 93.83 -0.07
75.355 -7699.0 7588.1 477.0 93.83 -0.07
75.405 -7697.8 7553.5 477.0 93.83 -0.07
75.455 -7699.0 7578.5 477.0 93.83 -0.07
75.505 -7696.9 7613.2 477.1 93.83 -0.07
75.555 -7668.6 7700.7 477.2 93.83 -0.07
75.605 -7681.7 7669.4 477.1 93.83 -0.07
75.655 -7672.0 7693.0 477.2 93.83 -0.07
75.705 -7644.5 7781.9 477.3 93.83 -0.07
75.755 -7649.8 7749.4 477.2 93.83 -0.33
75.806 -7645.6 7774.1 477.3 93.83 -2.13
75.856 -7642.7 7806.0 477.3 93.83 -6.40
75.906 -7641.8 7839.9 477.6 93.83 -10.91
75.956 -7642.1 7870.1 478.6 93.83 -14.63
76.006 -7642.9 7897.4 480.6 93.83 -14.63
76.056 -7643.8 7917.5 483.1 93.83 -14.63
76.106 -7645.2 7947.3 488.0 93.83 -14.63
76.156 -7647.2 7981.6 494.8 93.83 -14.63
76.206 -7648.3 8001.1 499.2 93.83 -14.63
76.256 -7650.6 8036.9 507.6 93.83 -14.63
76.306 -7652.3 8064.0 514.3 93.83 -14.63
76.357 -7654.1 8091.0 521.1 93.83 -14.63
76.407 -7655.9 8119.1 528.3 93.83 -14.63
76.457 -7657.7 8146.2 535.3 93.83 -14.63
76.507 -7659.5 8173.1 542.2 93.83 -14.56
76.557 -7661.4 8201.7 549.7 93.48 -12.27
76.607 -7663.2 8228.1 556.5 91.21 -8.48
76.657 -7665.0 8255.7 563.6 85.90 -8.34
76.707 -7666.6 8283.5 570.0 77.55 -8.34
76.757 -7667.4 8313.3 575.9 65.35 -8.34
76.807 -7667.0 8334.2 579.7 55.77 -8.34
76.858 -7643.5 8420.1 594.8 45.17 -9.62
76.908 -7657.2 8389.7 589.3 45.17 -9.62
76.958 -7648.9 8409.8 592.9 45.17 -9.62
77.008 -7636.6 8431.4 597.1 45.17 -9.62
77.058 -7571.0 8512.8 615.0 45.17 -9.62
77.108 -7592.8 8488.3 609.4 44.61 -9.05
77.158 -7576.3 8507.0 613.6 42.10 -6.75
77.208 -7561.1 8523.4 617.4 36.65 -3.78
77.258 -7534.9 8550.6 623.5 27.72 -0.49
77.309 -7514.7 8569.6 627.2 22.75 -0.26
77.359 -7494.1 8586.2 629.8 22.75 -0.26
77.409 -7416.5 8630.4 633.7 22.75 -0.26
77.459 -7389.7 8643.1 634.2 22.75 -0.26
77.509 -7435.3 8621.0 633.1 22.75 -0.26
77.559 -7403.2 8636.8 634.0 22.75 -0.26
77.609 -7376.2 8649.2 634.4 22.75 -0.26
77.659 -7346.9 8662.2 634.8 22.75 -0.26
77.709 -7316.2 8675.5 635.1 22.75 -0.26
77.760 -7289.9 8686.7 635.2 22.75 -0.26
77.810 -7262.6 8698.3 635.4 22.75 -0.26
77.860 -7235.3 8709.9 635.6 25.09 -0.26
77.910 -7208.6 8721.2 635.7 31.32 -0.26
77.960 -7181.9 8732.7 635.9 38.71 -0.26
78.010 -7148.6 8749.1 636.1 38.71 -0.26
78.060 -7122.2 8764.6 636.2 38.71 -0.26
78.110 -7049.9 8815.5 636.6 38.71 -0.26
78.160 -7024.5 8835.0 636.8 38.71 -0.26
78.211 -7057.7 8809.8 636.6 38.71 -0.26
78.261 -7032.8 8828.6 636.7 38.71 -0.26
78.311 -7008.3 8847.6 636.8 38.71 -0.26
78.361 -6984.4 8866.4 637.0 38.71 -0.26
78.411 -6961.8 8884.3 637.1 38.71 -0.26
78.461 -6939.0 8902.3 637.2 38.71 -0.26
78.511 -6915.2 8921.3 637.4 38.71 -0.26
78.561 -6892.3 8939.7 637.5 38.71 -0.26
78.611 -6869.9 8957.6 637.7 38.71 -0.26
78.661 -6846.4 8976.4 637.8 38.71 -0.26
78.712 -6825.1 8993.5 637.9 38.71 -0.26
78.762 -6754.3 9050.1 638.3 38.71 -0.26
78.812 -6732.5 9067.6 638.5 38.71 -0.26
78.862 -6711.2 9084.7 638.6 38.71 -0.26
78.912 -6689.0 9102.5 638.7 38.71 -0.26
78.962 -6666.7 9120.4 638.8 38.71 -0.26
79.012 -6644.9 9137.8 639.0 38.71 -0.26
79.062 -6622.7 9155.7 639.1 38.71 -0.26
79.113 -6599.6 9174.2 639.2 38.71 -0.26
79.163 -6576.9 9192.4 639.4 38.71 -0.26
79.213 -6599.4 9174.3 639.2 38.71 -0.26
79.263 -6532.9 9227.7 639.6 38.71 -0.26
79.313 -6510.6 9245.5 639.7 38.71 -0.26
79.363 -6487.9 9263.7 639.9 38.71 -0.26
79.413 -6465.2 9281.8 640.0 37.06 -0.26
79.463 -6486.8 9264.5 639.9 35.09 -0.26
79.513 -6420.2 9316.0 640.3 34.97 -0.26
79.563 -6397.2 9332.8 640.4 34.97 -0.26
79.614 -6419.2 9316.7 640.3 34.97 -0.26
79.664 -6396.4 9333.3 640.4 34.97 -0.26
79.714 -6373.2 9350.1 640.5 34.97 -0.26
79.764 -6351.2 9365.7 640.7 34.97 -0.26
79.814 -6327.6 9382.4 640.8 34.97 -0.26
79.864 -6304.9 9398.4 640.9 34.97 -0.26
79.914 -6281.6 9414.8 641.0 34.97 -0.26
79.964 -6258.1 9431.2 641.2 34.97 -0.26
80.014 -6234.8 9447.6 641.3 34.93 -0.02
80.065 -6211.9 9463.6 641.4 32.78 2.52
80.115 -6188.6 9480.0 641.5 27.55 5.74
80.165 -6164.5 9496.6 641.4 19.29 6.81
80.215 -6140.7 9512.1 640.7 19.29 6.81
80.265 -6115.6 9526.5 639.0 19.29 6.81
80.315 -6089.1 9539.7 636.7 19.29 6.81
80.365 -6063.9 9550.9 634.1 19.29 6.81
80.415 -6038.0 9561.5 631.2 19.29 6.81
80.465 -6011.7 9571.7 628.2 19.29 6.81
80.516 -5985.2 9581.6 625.0 19.29 6.81
80.566 -5958.8 9591.2 621.8 19.29 6.81
80.616 -5931.2 9601.2 618.3 19.29 6.81
80.666 -5905.0 9610.5 615.1 19.29 6.81
80.716 -5878.1 9620.8 611.7 19.29 6.81
80.766 -5853.1 9633.2 608.4 19.29 6.81
80.816 -5829.1 9648.4 605.1 19.29 6.81
80.866 -5806.1 9665.3 601.8 19.29 6.81
80.916 -5784.2 9682.8 598.7 19.29 6.81
80.966 -5760.2 9699.7 595.3 19.29 6.81
81.017 -5735.7 9713.7 592.0 19.29 6.81
81.067 -5709.8 9726.4 588.6 18.93 6.81
81.117 -5684.5 9737.5 585.3 16.09 6.81
81.167 -5657.8 9748.3 581.9 14.95 6.81
81.217 -5631.7 9758.1 578.5 14.95 6.81
81.267 -5604.6 9767.3 575.1 14.95 6.81
81.317 -5577.4 9775.8 571.7 14.95 6.81
81.367 -5550.8 9783.7 568.4 14.95 6.81
81.417 -5523.1 9791.6 564.9 14.95 6.81
81.468 -5496.2 9799.2 561.6 14.95 6.81
81.518 -5469.3 9806.6 558.3 14.95 6.81
81.568 -5441.2 9814.2 554.8 14.95 6.81
81.618 -5413.7 9821.6 551.4 14.95 6.81
81.668 -5385.6 9829.2 547.9 14.95 6.81
81.718 -5357.2 9836.8 544.4 14.95 6.81
81.768 -5336.6 9842.3 541.9 14.95 6.81
81.818 -5304.6 9850.9 537.9 14.95 6.81
81.868 -5276.0 9858.5 534.4 14.64 6.81
81.918 -5249.3 9865.6 531.1 11.72 6.54
81.969 -5222.2 9872.9 527.7 5.68 6.16
82.019 -5195.5 9879.7 524.5 2.84 6.16
82.069 -5168.1 9885.8 521.2 2.84 6.16
82.119 -5139.3 9890.6 517.9 2.84 6.16
82.169 -5113.1 9894.0 514.9 2.84 6.16
82.219 -5083.0 9897.0 511.6 2.84 6.16
82.269 -5056.3 9899.2 508.6 2.84 6.16
82.319 -5027.5 9901.2 505.5 2.50 6.16
82.369 -4999.0 9903.0 502.4 -0.54 6.16
82.419 -4970.3 9904.6 499.3 -6.63 6.16
82.470 -4942.6 9905.8 496.3 -15.71 6.16
82.520 -4913.7 9906.1 493.1 -27.91 6.16
82.570 -4884.7 9904.4 490.0 -41.08 6.16
82.620 -4856.3 9899.5 486.8 -54.13 6.16
82.670 -4828.4 9890.2 483.5 -67.19 6.16
82.720 -4802.5 9876.0 480.2 -80.29 6.16
82.770 -4780.7 9857.7 476.9 -93.70 6.04
82.820 -4763.9 9836.0 473.6 -101.40 5.22
82.870 -4751.7 9810.7 470.3 -101.40 5.22
82.921 -4745.1 9783.8 467.1 -101.40 5.22
82.971 -4743.1 9755.9 464.1 -101.40 5.22
83.021 -4743.9 9726.3 461.0 -101.40 5.22
83.071 -4746.5 9697.2 458.1 -101.05 5.22
83.121 -4750.2 9668.6 455.3 -97.99 5.22
83.171 -4754.6 9640.5 452.6 -91.85 5.22
83.221 -4759.0 9612.9 450.0 -82.68 5.22
83.271 -4762.9 9584.5 447.4 -70.48 5.22
83.321 -4764.9 9556.4 444.7 -61.68 5.22
83.371 -4763.9 9526.6 442.0 -61.68 5.22
83.421 -4758.7 9497.7 439.2 -61.68 5.22
83.472 -4750.6 9470.2 436.5 -61.68 5.22
83.522 -4740.4 9443.2 433.8 -61.68 5.22
83.572 -4729.3 9417.5 431.2 -61.68 4.18
83.622 -4717.0 9391.4 428.5 -61.68 0.33
83.672 -4704.7 9366.4 426.0 -61.68 -4.21
83.722 -4691.1 9339.7 423.8 -61.68 -5.85
83.772 -4677.2 9313.0 422.8 -61.68 -5.85
83.822 -4667.1 9293.9 422.9 -61.68 -5.85
83.872 -4649.9 9261.5 424.5 -61.68 -5.85
83.922 -4639.0 9241.1 425.9 -61.68 -5.85
83.973 -4623.4 9211.9 428.5 -61.68 -5.85
84.023 -4612.4 9191.6 430.4 -61.68 -5.85
84.073 -4596.8 9162.5 433.5 -61.68 -5.85
84.123 -4582.8 9136.4 436.3 -61.68 -5.59
84.173 -4572.6 9117.4 438.4 -62.31 -3.75
84.223 -4559.8 9093.7 441.1 -65.57 0.14
84.273 -4546.3 9068.6 443.8 -69.84 4.06
84.323 -4532.8 9043.0 446.1 -71.80 6.80
84.373 -4520.3 9017.6 447.4 -71.80 6.80
84.423 -4505.4 8983.5 447.1 -71.80 6.80
84.473 -4497.1 8962.8 446.2 -71.80 6.80
84.524 -4479.1 8932.2 443.6 -71.80 6.80
84.574 -4464.6 8917.4 442.1 -71.80 6.80
84.624 -4443.7 8908.6 440.8 -71.80 6.80
84.674 -4418.5 8905.4 439.9 -71.80 6.80
84.724 -4392.9 8906.8 439.3 -71.80 6.80
84.774 -4364.8 8911.2 439.0 -71.80 6.80
84.824 -4337.4 8917.2 438.7 -71.80 6.80
84.874 -4309.9 8924.4 438.6 -71.80 6.80
84.924 -4282.5 8932.1 438.5 -71.80 6.80
84.974 -4254.6 8940.5 438.4 -71.80 6.80
85.025 -4220.5 8950.3 438.3 -71.80 6.80
85.075 -4198.6 8954.6 437.9 -71.80 6.80
85.125 -4171.8 8954.4 436.9 -71.80 6.80
85.175 -4144.1 8949.9 435.4 -71.82 6.80
85.225 -4116.9 8941.8 433.5 -73.89 6.80
85.275 -4094.3 8928.6 431.1 -79.03 6.80
85.325 -4075.4 8909.3 428.2 -87.13 6.80
85.375 -4060.4 8886.2 425.1 -90.58 6.80
85.425 -4048.9 8860.2 421.7 -90.58 6.80
85.475 -4041.3 8832.7 418.2 -90.58 6.80
85.525 -4036.4 8804.1 414.7 -90.58 6.80
85.576 -4030.2 8705.4 402.7 -90.58 6.80
85.626 -4031.7 8748.8 408.0 -90.58 6.80
85.676 -4030.7 8721.1 404.6 -90.58 6.80
85.726 -4029.8 8692.9 401.2 -88.84 4.75
85.776 -4028.5 8664.9 397.9 -86.40 0.61
85.826 -4026.5 8635.8 394.5 -85.41 0.21
85.876 -4024.0 8608.9 391.9 -85.41 0.21
85.926 -4020.5 8580.8 389.9 -85.41 0.21
85.976 -4016.5 8553.7 388.6 -85.41 0.21
86.027 -4012.1 8526.7 387.7 -85.41 0.21
86.077 -4007.4 8499.6 387.1 -85.41 0.21
86.127 -4002.4 8471.9 386.7 -85.41 0.21
86.177 -3983.6 8371.9 385.9 -85.41 0.21
86.227 -3992.0 8415.7 386.1 -85.41 0.21
86.277 -3986.8 8388.4 385.9 -85.41 0.21
86.327 -3981.5 8360.5 385.8 -85.46 0.21
86.377 -3976.1 8332.4 385.7 -87.60 0.21
86.428 -3957.9 8233.4 385.2 -95.12 0.21
86.478 -3965.7 8278.0 385.4 -100.99 0.21
86.528 -3954.6 8176.0 385.0 -116.67 0.21
86.578 -3956.6 8222.6 385.2 -125.45 0.21
86.628 -3966.5 8122.7 384.8 -142.81 0.21
86.678 -3956.0 8165.4 385.0 -142.81 0.21
86.728 -3962.4 8136.9 384.9 -142.81 0.21
86.778 -3976.1 8091.7 384.7 -142.81 0.21
86.828 -3972.3 8103.9 384.7 -142.81 0.21
86.879 -3978.0 8085.6 384.7 -143.81 0.21
86.929 -3976.7 8089.9 384.7 -146.38 0.21
86.979 -3977.8 8086.1 384.7 -153.47 0.21
87.029 -3979.1 8084.7 384.7 -161.40 0.21
87.079 -4029.5 8067.9 384.5 -161.40 0.21
87.129 -4058.2 8061.8 384.4 -161.40 0.21
87.179 -4087.3 8056.2 384.3 -161.40 0.21
87.229 -4115.1 8051.0 384.2 -161.40 0.21
87.279 -4077.5 8058.1 384.3 -161.40 0.21
87.330 -4105.6 8052.8 384.2 -161.40 0.21
87.380 -4131.7 8048.0 384.1 -163.48 0.21
87.430 -4159.5 8043.0 384.0 -168.75 0.21
87.480 -4200.2 8036.0 383.9 -178.34 0.21
87.530 -4214.2 8034.0 383.8 176.49 0.21
87.580 -4235.0 8031.5 383.7 168.59 0.21
87.630 -4268.0 8031.0 383.6 168.59 0.21
87.680 -4355.8 8073.3 383.3 168.59 0.21
87.730 -4319.4 8048.6 383.4 168.59 0.21
87.780 -4339.8 8061.2 383.3 168.59 0.21
87.831 -4366.9 8082.7 383.2 168.59 0.21
87.881 -4393.8 8107.0 383.1 168.59 0.21
87.931 -4470.9 8156.9 382.8 168.59 0.21
87.981 -4434.5 8140.1 382.9 168.59 0.21
88.031 -4454.1 8150.5 382.9 168.59 0.21
88.081 -4488.9 8160.0 382.7 168.59 0.21
88.131 -4578.2 8137.8 382.4 168.59 0.21
88.181 -4605.9 8123.3 382.3 168.59 0.21
88.231 -4572.8 8140.1 382.5 168.59 0.21
88.281 -4591.9 8130.8 382.4 165.25 0.09
88.332 -4624.2 8113.5 382.3 157.70 -0.04
88.382 -4640.4 8106.4 382.2 152.09 -0.04
88.432 -4665.6 8097.3 382.2 150.66 -0.04
88.482 -4673.9 8094.5 382.2 150.66 -0.04
88.532 -4682.9 8091.5 382.1 150.66 -0.04
88.582 -4687.9 8089.9 382.1 150.66 -0.04
88.632 -4690.7 8089.4 382.1 150.66 -0.04
88.682 -4697.3 8092.6 382.1 150.66 -0.04
88.732 -4710.8 8100.0 382.1 150.66 -0.04
88.782 -4715.9 8102.8 382.1 150.66 -0.04
88.833 -4737.8 8115.0 382.1 150.66 -0.04
88.883 -4763.4 8129.3 382.2 150.66 -0.04
88.933 -4791.0 8144.8 382.2 150.66 -0.04
88.983 -4818.9 8160.4 382.2 150.66 -0.04
89.033 -4846.3 8175.8 382.2 150.66 -0.04
89.083 -4871.6 8190.1 382.2 150.66 -0.04
89.133 -4896.9 8204.3 382.2 150.66 -0.04
89.183 -4922.2 8218.5 382.3 150.15 -0.04
89.233 -5005.3 8266.2 382.3 144.60 -0.04
89.283 -4978.4 8250.2 382.3 138.88 -0.04
89.334 -4997.9 8261.7 382.3 131.75 -0.04
89.384 -5027.3 8281.2 382.3 130.11 -0.04
89.434 -5054.5 8302.1 382.4 130.11 -0.04
89.484 -5076.5 8322.4 382.4 130.11 -0.04
89.534 -5092.9 8338.6 382.4 130.11 -0.04
89.584 -5114.6 8361.6 382.4 130.11 -0.04
89.634 -5134.0 8383.1 382.4 130.11 -0.04
89.684 -5155.7 8407.7 382.5 130.11 -0.04
89.734 -5210.6 8471.7 382.5 130.11 -0.04
89.785 -5230.2 8494.7 382.5 130.11 -0.04
89.835 -5204.5 8464.5 382.5 130.11 -0.04
89.885 -5223.9 8487.4 382.5 130.11 -0.04
89.935 -5243.6 8510.6 382.5 130.11 -0.04
89.985 -5263.8 8534.5 382.6 130.11 -0.04
90.035 -5282.8 8557.0 382.6 130.11 -0.04
90.085 -5302.6 8580.5 382.6 130.11 -0.04
90.135 -5319.3 8600.3 382.6 130.45 -0.04
90.185 -5335.5 8619.6 382.6 133.48 -0.04
90.236 -5355.4 8643.1 382.6 139.66 -0.04
90.286 -5417.3 8709.4 382.7 149.62 -0.04
90.336 -5395.2 8688.2 382.7 158.82 -0.04
90.386 -5411.0 8703.2 382.7 158.82 -0.04
90.436 -5490.5 8754.8 382.8 158.82 -0.04
90.486 -5457.1 8736.8 382.7 158.82 -0.04
90.536 -5480.8 8749.7 382.7 158.82 -0.04
90.586 -5568.7 8789.5 382.8 158.82 -0.04
90.636 -5534.2 8774.8 382.8 158.82 -0.04
90.686 -5557.2 8784.7 382.8 159.57 -0.04
90.737 -5591.5 8798.8 382.8 164.73 -0.04
90.787 -5611.9 8807.0 382.8 171.64 -0.04
90.837 -5640.7 8817.6 382.9 -176.58 -0.04
90.887 -5671.0 8827.2 382.9 -176.58 -0.04
90.937 -5700.2 8833.0 382.9 -176.58 -0.04
90.987 -5730.0 8836.1 382.9 -176.58 -0.04
91.037 -5759.8 8837.3 382.9 -176.58 -0.04
91.087 -5790.0 8837.4 382.9 -176.58 -0.04
91.137 -5817.9 8836.8 383.0 -176.39 -0.04
91.187 -5847.7 8835.7 383.0 -174.09 -0.04
91.238 -5877.4 8834.4 383.0 -168.60 -0.04
91.288 -5958.9 8821.7 383.1 -160.10 -0.04
91.338 -5987.6 8811.0 383.1 -151.76 -0.04
91.388 -5938.4 8826.6 383.0 -151.76 -0.04
91.438 -5968.1 8818.3 383.1 -151.76 -0.04
91.488 -5997.5 8806.2 383.1 -151.76 -0.04
91.538 -6026.3 8791.4 383.1 -151.76 -0.04
91.588 -6054.9 8774.9 383.1 -151.76 -0.04
91.638 -6081.5 8758.5 383.1 -151.76 -0.04
91.689 -6106.7 8742.3 383.2 -151.76 -0.04
91.739 -6131.1 8726.3 383.2 -151.76 -0.04
91.789 -6153.3 8709.0 383.2 -151.76 -0.04
91.839 -6170.4 8689.8 383.2 -151.76 -0.04
91.889 -6184.6 8667.4 383.2 -151.76 -0.04
91.939 -6197.0 8642.8 383.2 -151.76 -0.04
91.989 -6207.4 8618.7 383.2 -151.76 -0.04
92.039 -6253.7 8534.1 383.3 -151.76 -0.04
92.089 -6231.8 8561.6 383.3 -151.76 -0.04
92.140 -6302.5 8495.8 383.3 -151.76 -0.04
92.190 -6272.6 8518.3 383.3 -151.76 -0.04
92.240 -6298.2 8498.8 383.3 -151.76 -0.04
92.290 -6376.5 8450.5 383.4 -151.76 -0.04
92.340 -6342.6 8470.4 383.4 -151.76 -0.04
92.390 -6371.0 8453.7 383.4 -151.76 -0.04
92.440 -6452.7 8408.1 383.4 -151.76 -0.04
92.490 -6417.3 8427.6 383.4 -151.76 -0.04
92.540 -6444.6 8412.6 383.4 -151.76 -0.04
92.591 -6472.2 8397.6 383.5 -151.76 -0.04
92.641 -6499.4 8385.0 383.5 -151.76 -0.04
92.691 -6527.7 8379.6 383.5 -151.76 -0.04
92.741 -6551.6 8385.0 383.5 -151.76 -0.04
92.791 -6573.7 8399.8 383.5 -151.76 -0.04
92.841 -6588.1 8413.9 383.5 -151.76 -0.04
92.891 -6604.2 8434.1 383.5 -151.76 -0.04
92.941 -6621.7 8458.4 383.5 -151.76 -0.04
92.991 -6631.1 8471.7 383.5 -151.76 -0.04
93.041 -6636.3 8479.1 383.5 -151.76 -0.04
93.092 -6639.9 8484.1 383.5 -151.76 -0.04
93.142 -6642.3 8487.5 383.5 -151.73 -0.04
93.192 -6643.7 8489.1 383.5 -149.61 -0.04
93.242 -6646.8 8485.3 383.5 -144.50 -0.04
93.292 -6651.9 8473.1 383.5 -135.81 -0.04
93.342 -6657.9 8453.3 383.5 -135.32 -0.04
93.392 -6662.9 8428.9 383.6 -135.32 -0.04
93.442 -6666.1 8402.2 383.6 -135.32 -0.04
93.492 -6669.1 8374.4 383.6 -135.32 -0.04
93.542 -6675.9 8348.6 383.6 -135.32 -0.04
93.593 -6687.9 8323.5 383.6 -135.32 -0.04
93.643 -6703.2 8300.2 383.6 -135.65 -0.37
93.693 -6720.7 8278.1 383.6 -138.69 -3.13
93.743 -6739.7 8257.1 383.7 -144.79 -6.34
93.793 -6759.5 8237.7 384.0 -149.88 -10.08
93.843 -6780.2 8219.9 384.9 -149.88 -10.37
93.893 -6803.1 8203.1 386.9 -149.88 -10.37
93.943 -6827.1 8187.5 389.9 -149.88 -10.37
93.993 -6851.0 8172.7 393.7 -149.88 -10.37
94.044 -6875.0 8158.2 397.9 -149.88 -10.37
94.094 -6899.3 8143.7 402.5 -149.88 -10.37
94.144 -6922.7 8129.9 407.2 -151.90 -10.47
94.194 -6946.1 8115.9 411.9 -156.96 -10.75
94.244 -7022.8 8067.0 428.3 -168.42 -11.15
94.294 -6990.0 8087.7 421.2 -176.03 -11.80
94.344 -7065.8 8037.8 437.6 168.77 -13.73
94.394 -7031.8 8061.1 430.3 161.47 -14.86
94.444 -7106.4 8008.6 445.8 146.77 -17.12
94.494 -7073.5 8032.4 439.3 138.33 -17.41
94.545 -7143.1 7972.3 449.2 120.91 -17.41
94.595 -7112.4 8003.3 446.7 112.22 -17.39
94.645 -7120.1 7996.0 447.5 107.87 -17.37
94.695 -7144.6 7969.2 448.9 91.99 -16.20
94.745 -7152.5 7957.4 448.3 81.40 -15.43
94.795 -7158.9 7942.4 446.4 68.61 -14.49
94.845 -7163.8 7930.7 444.9 59.95 -13.62
94.895 -7167.5 7922.1 443.8 55.58 -13.26
94.945 -7170.4 7915.1 442.9 55.58 -13.26
94.995 -7171.3 7911.5 442.6 55.58 -13.26
95.046 -7170.0 7911.5 442.9 55.58 -13.26
95.096 -7166.8 7913.5 443.9 55.58 -13.26
95.146 -7132.1 7946.5 455.3 55.58 -13.26
95.196 -7147.7 7929.3 449.7 55.58 -13.26
95.246 -7142.7 7934.8 451.5 55.58 -13.26
95.296 -7135.9 7942.3 453.9 55.58 -13.26
95.346 -7131.9 7946.6 455.3 55.58 -13.26
95.396 -7125.6 7953.6 457.6 55.58 -13.26
95.446 -7117.5 7962.4 460.4 55.58 -13.26
95.497 -7119.9 7959.9 459.6 55.58 -13.26
95.547 -7119.1 7960.7 459.8 55.58 -13.26
95.597 -7118.1 7961.9 460.2 55.58 -13.26
95.647 -7117.8 7962.2 460.3 55.58 -13.26
95.697 -7117.5 7962.5 460.4 55.58 -13.26
95.747 -7117.5 7962.5 460.4 55.58 -13.26
95.797 -7117.5 7962.5 460.4 55.58 -13.26
95.847 -7117.5 7962.5 460.4 55.58 -13.26
95.897 -7117.5 7962.5 460.4 55.58 -13.26
95.947 -7117.5 7962.5 460.4 55.58 -13.26
95.998 -7117.5 7962.5 460.4 55.58 -13.26
96.048 -7117.5 7962.5 460.4 55.58 -13.26
96.098 -7117.5 7962.5 460.4 55.58 -13.26
96.148 -7117.5 7962.5 460.4 55.58 -13.26
96.198 -7117.5 7962.5 460.4 55.58 -13.26
96.248 -7117.5 7962.5 460.4 55.58 -13.26
96.298 -7117.5 7962.5 460.4 55.58 -13.26
96.348 -7117.5 7962.5 460.4 55.58 -13.26
96.398 -7117.5 7962.5 460.4 55.58 -13.26
96.449 -7117.5 7962.5 460.4 55.58 -13.26
96.499 -7117.5 7962.5 460.4 55.58 -13.26
96.549 -7117.5 7962.5 460.4 55.58 -13.26
96.599 -7117.5 7962.5 460.4 55.58 -13.26
96.649 -7117.5 7962.5 460.4 55.58 -13.26
96.699 -7117.5 7962.5 460.4 55.58 -13.26
96.749 -7117.5 7962.5 460.4 55.58 -13.26
96.799 -7117.5 7962.5 460.4 55.58 -13.26
96.849 -7117.5 7962.5 460.4 55.58 -13.26
96.899 -7117.5 7962.5 460.4 55.58 -13.26
96.949 -7117.5 7962.5 460.4 55.58 -13.26
97.000 -7117.5 7962.5 460.4 55.58 -13.26
97.050 -7117.5 7962.5 460.4 55.58 -13.26
97.350 0.0 0.0 0.0 0.00 0.00
97.400 0.0 0.0 0.0 0.00 0.00
97.450 0.0 0.0 0.0 0.00 0.00
97.500 0.0 0.0 0.0 0.00 0.00
97.551 0.0 0.0 0.0 0.00 0.00
97.601 0.0 0.0 0.0 0.00 0.00
97.651 0.0 0.0 0.0 0.00 0.00
97.701 0.0 0.0 0.0 0.00 0.00
97.751 0.0 0.0 0.0 0.00 0.00
97.801 0.0 0.0 0.0 0.00 0.00
97.851 0.0 0.0 0.0 0.00 0.00
97.901 0.0 0.0 0.0 0.00 0.00
97.951 0.0 0.0 0.0 0.00 0.00
98.001 0.0 0.0 0.0 0.00 0.00
98.051 0.0 0.0 0.0 0.00 0.00
98.101 0.0 0.0 0.0 0.00 0.00
98.152 0.0 0.0 0.0 0.00 0.00
98.202 0.0 0.0 0.0 0.00 0.00
98.252 0.0 0.0 0.0 0.00 0.00
98.302 0.0 0.0 0.0 0.00 0.00
98.352 0.0 0.0 0.0 0.00 0.00
98.402 0.0 0.0 0.0 0.00 0.00
98.452 0.0 0.0 0.0 0.00 0.00
98.502 -1420.3 -4358.0 -10.3 116.09 13.98
98.552 -1420.3 -4358.0 -10.3 116.09 13.98
98.602 -1420.3 -4358.0 -10.3 116.09 13.98
98.652 -1420.3 -4358.0 -10.3 116.09 13.98
98.703 -1420.3 -4358.0 -10.3 116.09 13.98
98.753 -1420.3 -4358.0 -10.3 116.09 13.98
98.803 -1420.3 -4358.0 -10.3 116.09 13.98
98.853 -1420.3 -4358.0 -10.3 116.09 13.98
98.903 -1420.3 -4358.0 -10.3 116.09 13.98
98.953 -1420.3 -4358.0 -10.3 116.09 13.98
99.003 -1420.3 -4358.0 -10.3 116.09 13.98
99.053 -1420.3 -4358.0 -10.3 116.09 13.98
99.103 -1420.3 -4358.0 -10.3 116.09 13.98
99.154 -1420.3 -4358.0 -10.3 116.09 13.98
99.204 -1420.3 -4358.0 -10.3 116.09 13.98
99.254 -1420.3 -4358.0 -10.3 116.09 13.98
99.304 -1420.3 -4358.1 -10.3 116.09 13.98
99.354 -1420.3 -4358.2 -10.2 116.09 13.98
99.404 -1420.3 -4358.2 -10.2 116.09 13.98
99.454 -1420.3 -4358.2 -10.2 116.09 13.98
99.504 -1420.3 -4358.2 -10.2 116.09 13.98
99.554 -1420.3 -4358.2 -10.2 116.09 13.98
99.605 -1420.3 -4358.2 -10.2 116.09 13.98
99.655 -1420.3 -4358.2 -10.2 116.09 13.98
99.705 -1420.3 -4358.2 -10.2 116.09 13.98
99.755 -1420.3 -4358.2 -10.2 116.09 13.98
99.805 -1420.3 -4358.2 -10.2 116.09 13.98
99.855 -1420.3 -4358.2 -10.2 116.09 13.98
99.905 -1420.3 -4358.2 -10.2 116.09 13.98
99.955 -1420.3 -4358.2 -10.2 116.09 13.98
