# x y z yaw -- recorded route, replay with MW2_WALK_PATH
4150.8 2558.6 44.1 180.0
4030.7 2558.6 51.2 180.0
3905.1 2558.6 39.2 180.0
3779.2 2558.6 32.6 180.0
3652.9 2558.0 23.8 180.0
3535.2 2510.6 25.7 180.0
3409.1 2509.1 25.7 180.0
3283.2 2509.1 23.8 180.0
3157.6 2503.2 40.3 200.3
3034.3 2482.9 46.2 200.3
2893.3 2450.3 55.3 -146.5
2768.9 2442.8 66.0 225.0
2645.7 2435.2 73.7 240.9
2529.1 2380.9 60.5 240.9
2466.2 2276.7 60.4 240.9
2402.4 2166.8 59.5 240.9
2332.1 2041.8 72.4 240.9
2271.9 1932.2 104.4 240.9
2189.3 1843.9 127.7 240.9
2178.7 1726.4 93.1 240.9
