# x y z yaw -- recorded route, replay with MW2_WALK_PATH
4046.9 2618.6 61.3 180.0
3920.1 2617.4 45.8 180.0
3790.9 2552.6 32.4 180.0
3695.9 2493.7 33.3 181.0
3580.7 2475.6 24.4 198.3
3475.0 2515.4 25.5 191.0
3359.2 2561.5 34.4 197.8
3215.5 2557.7 34.7 210.9
3097.2 2514.9 44.1 214.7
2962.2 2537.7 68.2 221.2
2830.5 2532.1 84.9 228.6
2740.0 2450.3 70.7 231.9
2639.9 2389.9 67.2 234.1
2525.8 2338.0 60.9 234.1
2448.6 2240.2 59.2 238.1
2359.6 2172.5 69.1 250.5
2258.8 2103.8 80.2 250.5
2217.7 1986.5 82.3 254.2
2214.6 1867.4 133.6 254.2
2194.8 1746.3 94.8 246.9
2132.0 1639.9 67.7 246.9
2080.3 1511.4 64.0 250.2
2022.4 1395.3 80.0 250.2
1975.4 1262.8 116.6 250.2
1932.9 1153.3 161.3 246.9
1838.1 1080.5 126.9 230.5
1691.5 1091.0 97.2 195.9
1569.2 1099.3 96.8 239.2
1490.2 1004.3 109.0 256.5
1433.8 882.7 93.8 261.5
1415.1 760.2 93.8 261.5
1398.4 616.2 83.3 261.5
1383.5 490.0 71.6 261.5
1354.3 366.0 62.4 249.2
1291.0 238.9 53.5 240.9
1259.3 114.9 41.5 278.0
1201.6 17.9 43.5 351.0
1158.5 -90.3 68.6 20.8
1211.2 -197.2 88.8 47.8
1323.9 -234.6 128.4 57.8
1454.7 -219.5 198.9 57.8
1568.9 -203.6 199.5 57.8
1669.6 -131.5 195.8 57.8
1740.6 -47.3 196.6 61.5
1841.9 23.3 195.0 80.1
1845.1 139.9 196.6 80.1
1819.1 27.4 195.0 67.8
1925.8 0.1 195.0 324.5
2038.2 27.7 196.9 220.4
2098.5 -77.5 196.1 209.4
2214.3 -98.4 195.1 19.6
2326.8 -65.4 196.8 19.6
2439.1 -70.0 187.5 27.2
2570.1 -40.6 178.7 32.0
2659.5 34.2 182.2 32.0
2770.4 42.1 201.0 32.0
2918.5 59.9 193.7 24.4
3000.7 -64.0 182.9 34.7
3095.0 -132.6 182.8 47.1
3203.6 -107.5 192.7 59.8
3347.7 -115.0 209.3 87.9
