# x y z yaw -- recorded route, replay with MW2_WALK_PATH
-512.0 -744.0 -84.1 30.0
-413.8 -686.0 -76.8 30.0
-300.1 -621.6 -51.9 30.0
-191.3 -560.9 -26.1 30.0
-90.2 -503.7 -10.2 30.0
21.3 -443.1 14.6 30.0
125.9 -407.4 19.2 30.0
237.0 -347.6 32.8 30.0
334.6 -292.9 42.7 30.0
440.4 -230.4 65.1 30.0
540.2 -174.6 108.9 30.0
668.9 -166.5 82.0 30.0
784.1 -118.1 62.9 30.0
900.1 -45.2 54.6 30.0
1011.8 17.4 42.1 30.0
1117.0 93.0 42.2 42.7
1206.4 157.1 41.8 51.7
1311.5 220.0 52.5 61.7
1296.1 345.3 59.5 73.4
1343.9 444.9 66.9 73.4
1380.1 561.6 76.8 73.4
1418.6 682.2 96.1 73.4
1467.3 822.3 99.0 68.4
1512.2 935.5 109.0 66.4
1569.1 1037.0 103.8 66.4
1640.8 1125.6 92.5 66.4
1687.5 1228.5 120.9 66.4
1760.0 1319.8 162.7 66.4
1809.3 1425.1 158.5 66.4
1875.3 1523.9 104.6 49.1
1849.5 1637.6 59.4 38.6
1987.9 1623.7 46.2 342.2
2093.8 1590.7 55.2 342.2
2215.4 1620.7 71.4 334.5
2319.4 1552.1 70.9 306.5
2386.8 1462.8 70.4 308.5
2480.9 1374.4 80.8 328.9
2580.9 1322.9 101.1 334.5
2698.3 1268.9 102.5 334.5
2792.3 1208.2 117.7 323.1
2881.4 1118.4 126.4 310.7
2956.3 1032.8 136.6 310.4
3020.8 922.4 132.3 295.0
3069.3 805.9 132.1 270.1
3099.4 684.8 123.5 270.1
3111.5 572.6 127.0 270.1
3113.6 461.7 132.9 270.1
3112.6 337.7 154.0 270.1
3112.1 214.1 181.8 270.1
3077.7 100.2 194.3 185.9
2952.4 85.4 194.5 180.4
2812.2 65.6 204.0 199.1
2705.2 28.4 188.6 199.1
2586.9 -9.1 178.9 199.1
2468.1 -46.3 186.4 199.1
2361.7 -81.3 196.5 199.1
2243.5 -120.4 195.4 199.1
2122.3 -92.9 196.9 199.1
2023.5 -19.1 195.6 199.1
1896.5 -5.1 195.5 199.1
1779.1 -52.4 196.9 225.7
