# seconds x y z yaw pitch -- recorded flight, replay with MW2_FLY_PATH
0.000 0.0 0.0 0.0 0.00 0.00
0.050 0.0 0.0 0.0 0.00 0.00
0.100 -2588.0 5212.0 18.9 -78.00 0.00
0.150 -2588.0 5212.0 19.4 -78.00 0.00
0.200 -2588.0 5212.0 19.4 -78.00 0.00
0.250 -2588.0 5212.0 19.0 -78.00 0.00
0.301 -2588.0 5212.0 18.2 -78.00 0.00
0.351 -2588.0 5212.0 17.4 -78.00 0.00
0.401 -2588.0 5212.0 16.8 -78.00 0.00
0.451 -2588.0 5212.0 17.5 -78.00 0.00
0.501 -2588.0 5212.0 16.1 -78.00 0.00
0.551 -2588.0 5212.0 15.7 -78.00 0.00
0.601 -2588.0 5212.0 15.3 -78.00 0.00
0.651 -2588.0 5212.0 15.8 -78.00 0.00
0.701 -2588.0 5212.0 15.4 -78.00 0.00
0.751 -2588.0 5212.0 15.1 -78.00 0.00
0.802 -2588.0 5212.0 14.7 -78.00 0.00
0.852 -2588.0 5212.0 14.4 -78.00 0.00
0.902 -2588.0 5212.0 14.1 -78.00 0.00
0.952 -2588.0 5212.0 13.7 -78.00 0.00
1.002 -2588.0 5212.0 13.4 -78.00 0.00
1.052 -2588.0 5212.0 13.1 -78.00 0.00
1.102 -2588.0 5212.0 12.7 -78.00 0.00
1.152 -2588.0 5212.0 12.3 -78.00 0.00
1.202 -2588.0 5212.0 12.0 -78.00 0.00
1.252 -2588.0 5212.0 11.7 -78.00 0.00
1.303 -2588.0 5212.0 11.4 -78.00 0.00
1.353 -2588.0 5212.0 11.0 -78.00 0.00
1.403 -2588.0 5212.0 10.6 -78.00 0.00
1.453 -2588.0 5212.0 9.6 -78.00 0.00
1.503 -2588.0 5212.0 9.1 -78.00 0.00
1.553 -2588.0 5212.0 8.8 -78.00 0.00
1.603 -2588.0 5212.0 8.5 -78.00 0.00
1.653 -2588.0 5212.0 8.2 -78.00 0.00
1.703 -2588.0 5212.0 8.6 -78.00 0.00
1.754 -2588.0 5212.0 8.2 -78.00 0.00
1.804 -2588.0 5212.0 7.9 -78.00 0.00
1.854 -2588.0 5212.0 6.7 -78.00 0.00
1.904 -2588.0 5212.0 6.4 -78.00 0.00
1.954 -2588.0 5212.0 6.1 -78.00 0.00
2.004 -2588.0 5212.0 5.8 -78.00 0.00
2.054 -2588.0 5212.0 5.5 -78.00 0.00
2.104 -2588.0 5212.0 5.1 -78.00 0.00
2.155 -2588.0 5212.0 4.8 -78.00 0.00
2.205 -2588.0 5212.0 5.2 -78.00 0.00
2.255 -2588.0 5212.0 4.9 -78.00 0.00
2.305 -2588.0 5212.0 4.5 -78.00 0.00
2.355 -2588.0 5212.0 4.2 -78.00 0.00
2.405 -2588.0 5212.0 3.9 -78.00 0.00
2.455 -2588.0 5212.0 3.9 -78.00 0.00
2.505 -2588.0 5212.0 3.9 -78.00 0.00
2.555 -2588.0 5212.0 3.9 -78.00 0.00
2.606 -2588.0 5212.0 3.9 -78.00 0.00
2.656 -2588.0 5212.0 3.9 -78.00 0.00
2.706 -2588.0 5212.0 3.9 -78.00 0.00
2.756 -2588.0 5212.0 3.9 -78.00 0.00
2.806 -2588.0 5212.0 3.9 -78.00 0.00
2.856 -2588.0 5212.0 3.9 -78.00 0.00
2.906 -2588.0 5212.0 3.9 -78.00 0.00
2.956 -2588.0 5212.0 3.9 -78.00 0.00
3.006 -2588.0 5212.0 3.9 -78.00 0.00
3.057 -2588.0 5212.0 3.9 -78.00 0.00
3.107 -2588.0 5212.0 3.9 -78.00 0.00
3.157 -2588.0 5212.0 3.9 -78.00 0.00
3.207 -2588.0 5212.0 3.9 -78.00 0.00
3.257 -2588.0 5212.0 3.9 -78.00 0.00
3.307 -2588.0 5212.0 3.9 -78.00 0.00
3.357 -2588.0 5212.0 3.9 -78.00 0.00
3.407 -2588.0 5212.0 3.9 -78.00 0.00
3.458 -2588.0 5212.0 3.9 -78.00 0.00
3.508 -2588.0 5212.0 3.9 -78.00 0.00
3.558 -2588.0 5212.0 3.9 -78.00 0.00
3.608 -2588.0 5212.0 3.9 -78.00 0.00
3.658 -2588.0 5212.0 3.9 -78.00 0.00
3.708 -2588.0 5212.0 3.9 -78.00 0.00
3.758 -2588.0 5212.0 3.9 -78.00 0.00
3.808 -2588.0 5212.0 3.9 -78.00 0.00
3.858 -2588.0 5212.0 3.9 -78.00 0.00
3.909 -2588.0 5212.0 3.9 -78.00 0.00
3.959 -2588.0 5212.0 3.9 -78.00 0.00
4.009 -2588.0 5212.0 3.9 -78.00 0.00
4.059 -2588.0 5212.0 3.9 -78.00 0.00
4.109 -2588.0 5212.0 3.9 -78.00 0.00
4.159 -2588.0 5212.0 3.9 -78.00 0.00
4.209 -2588.0 5212.0 3.9 -78.00 0.00
4.259 -2588.0 5212.0 3.9 -78.00 0.00
4.309 -2588.0 5212.0 3.9 -78.00 0.00
4.360 -2588.0 5212.0 3.9 -78.00 0.00
4.410 -2588.0 5212.0 3.9 -78.00 0.00
4.460 -2588.0 5212.0 3.9 -78.00 0.00
4.510 -2588.0 5212.0 3.9 -78.00 0.00
4.560 -2588.0 5212.0 3.9 -78.00 0.00
4.610 -2588.0 5212.0 3.9 -78.00 0.00
4.660 -2588.0 5212.0 3.9 -78.00 0.00
4.710 -2588.0 5212.0 3.9 -78.00 0.00
4.760 -2588.0 5212.0 3.9 -78.00 0.00
4.810 -2588.0 5212.0 3.9 -78.00 0.00
4.861 -2588.0 5212.0 3.9 -78.00 0.00
4.911 -2588.0 5212.0 3.9 -78.00 0.00
4.961 -2588.0 5212.0 3.9 -78.00 0.00
5.011 -2588.0 5212.0 3.9 -78.00 0.00
5.061 -2588.0 5212.0 3.9 -78.00 0.00
5.111 -2588.0 5212.0 3.9 -78.00 0.00
5.161 -2588.0 5212.0 3.9 -78.00 0.00
5.211 -2588.0 5212.0 3.9 -78.00 0.00
5.261 -2588.0 5212.0 3.9 -78.00 0.00
5.312 -2588.0 5212.0 3.9 -78.00 0.00
5.362 -2588.0 5212.0 3.9 -78.00 0.00
5.412 -2588.0 5212.0 3.9 -78.00 0.00
5.462 -2588.0 5212.0 3.9 -78.00 0.00
5.512 -2588.0 5212.0 3.9 -78.00 0.00
5.562 -2588.0 5212.0 3.9 -78.00 0.00
5.612 -2588.0 5212.0 3.9 -78.00 0.00
5.662 -2588.0 5212.0 3.9 -78.00 0.00
5.713 -2588.0 5212.0 3.9 -78.00 0.00
5.763 -2588.0 5212.0 3.9 -78.00 0.00
5.813 -2588.0 5212.0 3.9 -78.00 0.00
5.863 -2588.0 5212.0 3.9 -78.00 0.00
5.913 -2588.0 5212.0 3.9 -78.00 0.00
5.964 -2588.0 5212.0 3.9 -78.00 0.00
6.014 -2588.0 5212.0 3.9 -78.00 0.00
6.064 -2588.0 5212.0 3.9 -78.00 0.00
6.114 -2588.0 5212.0 3.9 -78.00 0.00
6.164 -2588.0 5212.0 3.9 -78.00 0.00
6.214 -2588.0 5212.0 3.9 -78.00 0.00
6.264 -2588.0 5212.0 3.9 -78.00 0.00
6.314 -2588.0 5212.0 3.9 -78.00 0.00
6.364 -2588.0 5212.0 3.9 -78.00 0.00
6.414 -2588.0 5212.0 3.9 -78.00 0.00
6.465 -2588.0 5212.0 3.9 -78.00 0.00
6.515 -2588.0 5212.0 3.9 -78.00 0.00
6.565 -2588.0 5212.0 3.9 -78.00 0.00
6.615 -2588.0 5212.0 3.9 -78.00 0.00
6.665 -2588.0 5212.0 3.9 -78.00 0.00
6.715 -2588.0 5212.0 3.9 -78.00 0.00
6.765 -2588.0 5212.0 3.9 -78.00 0.00
6.815 -2588.0 5212.0 3.9 -78.00 0.00
6.865 -2588.0 5212.0 3.9 -78.00 0.00
6.916 -2588.0 5212.0 3.9 -78.00 0.00
6.966 -2588.0 5212.0 3.9 -78.00 0.00
7.016 -2588.0 5212.0 3.9 -78.00 0.00
7.066 -2588.0 5212.0 3.9 -78.00 0.00
7.116 -2588.0 5212.0 3.9 -78.00 0.00
7.166 -2588.0 5212.0 3.9 -78.00 0.00
7.216 -2588.0 5212.0 3.9 -78.00 0.00
7.266 -2588.0 5212.0 3.9 -78.00 0.00
7.316 -2588.0 5212.0 3.9 -78.00 0.00
7.366 -2588.0 5212.0 3.9 -78.00 0.00
7.416 -2588.0 5212.0 3.9 -78.00 0.00
7.467 -2588.0 5212.0 3.9 -78.00 0.00
7.517 -2588.0 5212.0 3.9 -78.00 0.00
7.567 -2588.0 5212.0 3.9 -78.00 0.00
7.617 -2588.0 5212.0 3.9 -78.00 0.00
7.667 -2588.0 5212.0 3.9 -78.00 0.00
7.717 -2588.0 5212.0 3.9 -78.00 0.00
7.767 -2588.0 5212.0 3.9 -78.00 0.00
7.817 -2588.0 5212.0 3.9 -78.00 0.00
7.867 -2588.0 5212.0 3.9 -78.00 0.00
7.918 -2588.0 5212.0 3.9 -78.00 0.00
7.968 -2588.0 5212.0 3.9 -78.00 0.00
8.018 -2588.0 5212.0 3.9 -78.00 0.00
8.068 -2588.0 5212.0 3.9 -78.00 0.00
8.118 -2588.0 5212.0 3.9 -78.00 0.00
8.168 -2588.0 5212.0 3.9 -78.00 0.00
8.218 -2588.0 5212.0 3.9 -78.00 0.00
8.268 -2588.0 5212.0 3.9 -78.00 0.00
8.318 -2588.0 5212.0 3.9 -78.00 0.00
8.369 -2588.0 5212.0 3.9 -78.00 0.00
8.419 -2588.0 5212.0 3.9 -78.00 0.00
8.469 -2588.0 5212.0 3.9 -78.00 0.00
8.519 -2588.0 5212.0 3.9 -78.00 0.00
8.569 -2588.0 5212.0 3.9 -78.00 0.00
8.619 -2588.0 5212.0 3.9 -78.00 0.00
8.669 -2588.0 5212.0 3.9 -78.00 0.00
8.719 -2588.0 5212.0 3.9 -78.00 0.00
8.769 -2588.0 5212.0 3.9 -78.00 0.00
8.819 -2588.0 5212.0 3.9 -78.00 0.00
8.870 -2588.0 5212.0 3.9 -78.00 0.00
8.920 -2588.0 5212.0 3.9 -78.00 0.00
8.970 -2588.0 5212.0 3.9 -78.00 0.00
9.020 -2588.0 5212.0 3.9 -78.00 0.00
9.070 -2588.0 5212.0 3.9 -78.00 0.00
9.120 -2588.0 5212.0 3.9 -78.00 0.00
9.170 -2588.0 5212.0 3.9 -78.00 0.00
9.220 -2588.0 5212.0 3.9 -78.00 0.00
9.270 -2588.0 5212.0 3.9 -78.00 0.00
9.321 -2588.0 5212.0 3.9 -78.00 0.00
9.371 -2588.0 5212.0 3.9 -78.00 0.00
9.421 -2588.0 5212.0 3.9 -78.00 0.00
9.471 -2588.0 5212.0 3.9 -78.00 0.00
9.521 -2588.0 5212.0 3.9 -78.00 0.00
9.571 -2588.0 5212.0 3.9 -78.00 0.00
9.621 -2588.0 5212.0 3.9 -78.00 0.00
9.671 -2588.0 5212.0 3.9 -78.00 0.00
9.721 -2588.0 5212.0 3.9 -78.00 0.00
9.772 -2588.0 5212.0 3.9 -78.00 0.00
9.822 -2588.0 5212.0 3.9 -78.00 0.00
9.872 -2588.0 5212.0 3.9 -78.00 0.00
9.922 -2588.0 5212.0 3.9 -78.00 0.00
9.972 -2588.0 5212.0 3.9 -78.00 0.00
10.022 -2588.0 5212.0 3.9 -78.00 0.00
10.072 -2588.0 5212.0 3.9 -78.00 0.00
10.122 -2588.0 5212.0 3.9 -78.00 0.00
10.172 -2588.0 5212.0 3.9 -78.00 0.00
10.223 -2588.0 5212.0 3.9 -78.00 0.00
10.273 -2588.0 5212.0 3.9 -78.00 0.00
10.323 -2588.0 5212.0 3.9 -78.00 0.00
10.373 -2588.0 5212.0 3.9 -78.00 0.00
10.423 -2588.0 5212.0 3.9 -78.00 0.00
10.473 -2588.0 5212.0 3.9 -78.00 0.00
10.523 -2588.0 5212.0 3.9 -78.00 0.00
10.573 -2588.0 5212.0 3.9 -78.00 0.00
10.623 -2588.0 5212.0 3.9 -78.00 0.00
10.673 -2588.0 5212.0 3.9 -78.00 0.00
10.724 -2588.0 5212.0 3.9 -78.00 0.00
10.774 -2588.0 5212.0 3.9 -78.00 0.00
10.824 -2588.0 5212.0 3.9 -78.00 0.00
10.874 -2588.0 5212.0 3.9 -78.00 0.00
10.924 -2588.0 5212.0 3.9 -78.00 0.00
10.974 -2588.0 5212.0 3.9 -78.00 0.00
11.024 -2588.0 5212.0 3.9 -78.00 0.00
11.074 -2588.0 5212.0 3.9 -78.00 0.00
11.124 -2588.0 5212.0 3.9 -78.00 0.00
11.175 -2588.0 5212.0 3.9 -78.00 0.00
11.225 -2588.0 5212.0 3.9 -78.00 0.00
11.275 -2588.0 5212.0 3.9 -78.00 0.00
11.325 -2588.0 5212.0 3.9 -78.00 0.00
11.375 -2588.0 5212.0 3.9 -78.00 0.00
11.425 -2588.0 5212.0 3.9 -78.00 0.00
11.475 -2588.0 5212.0 3.9 -78.00 0.00
11.525 -2588.0 5212.0 3.9 -78.00 0.00
11.575 -2588.0 5212.0 3.9 -78.00 0.00
11.625 -2588.0 5212.0 3.9 -78.00 0.00
11.676 -2588.0 5212.0 3.9 -78.00 0.00
11.726 -2588.0 5212.0 3.9 -78.00 0.00
11.776 -2588.0 5212.0 3.9 -78.00 0.00
11.826 -2588.0 5212.0 3.9 -78.00 0.00
11.876 -2588.0 5212.0 3.9 -78.00 0.00
11.926 -2588.0 5212.0 3.9 -78.00 0.00
11.976 -2588.0 5212.0 3.9 -78.00 0.00
12.026 -2588.0 5212.0 3.9 -78.00 0.00
12.077 -2588.0 5212.0 3.9 -78.00 0.00
12.127 -2588.0 5212.0 3.9 -78.00 0.00
12.177 -2588.0 5212.0 3.9 -78.00 0.00
12.227 -2588.0 5212.0 3.9 -78.00 0.00
12.277 -2588.0 5212.0 3.9 -78.00 0.00
12.327 -2588.0 5212.0 3.9 -78.00 0.00
12.377 -2588.0 5212.0 3.9 -78.00 0.00
12.427 -2588.0 5212.0 3.9 -78.00 0.00
12.477 -2588.0 5212.0 3.9 -78.00 0.00
12.527 -2588.0 5212.0 3.9 -78.00 0.00
12.578 -2588.0 5212.0 3.9 -78.00 0.00
12.628 -2588.0 5212.0 3.9 -78.00 0.00
12.678 -2588.0 5212.0 3.9 -78.00 0.00
12.728 -2588.0 5212.0 3.9 -78.00 0.00
12.778 -2588.0 5212.0 3.9 -78.00 0.00
12.828 -2588.0 5212.0 3.9 -78.00 0.00
12.878 -2588.0 5212.0 3.9 -78.00 0.00
12.928 -2588.0 5212.0 3.9 -78.00 0.00
12.979 -2588.0 5212.0 3.9 -78.00 0.00
13.029 -2588.0 5212.0 3.9 -78.00 0.00
13.079 -2588.0 5212.0 3.9 -78.00 0.00
13.129 -2588.0 5212.0 3.9 -78.00 0.00
13.179 -2588.0 5212.0 3.9 -78.00 0.00
13.229 -2588.0 5212.0 3.9 -78.00 0.00
13.279 -2588.0 5212.0 3.9 -78.00 0.00
13.329 -2588.0 5212.0 3.9 -78.00 0.00
13.379 -2588.0 5212.0 3.9 -78.00 0.00
13.430 -2588.0 5212.0 3.9 -78.00 0.00
13.480 -2588.0 5212.0 3.9 -78.00 0.00
13.530 -2588.0 5212.0 3.9 -78.00 0.00
13.580 -2588.0 5212.0 3.9 -78.00 0.00
13.630 -2588.0 5212.0 3.9 -78.00 0.00
13.680 -2588.0 5212.0 3.9 -78.00 0.00
13.730 -2588.0 5212.0 3.9 -78.00 0.00
13.780 -2588.0 5212.0 3.9 -78.00 0.00
13.830 -2588.0 5212.0 3.9 -78.00 0.00
13.880 -2588.0 5212.0 3.9 -78.00 0.00
13.931 -2588.0 5212.0 3.9 -78.00 0.00
13.981 -2588.0 5212.0 3.9 -78.00 0.00
14.031 -2588.0 5212.0 3.9 -78.00 0.00
14.081 -2588.0 5212.0 3.9 -78.00 0.00
14.131 -2588.0 5212.0 3.9 -78.00 0.00
14.181 -2588.0 5212.0 3.9 -78.00 0.00
14.231 -2588.0 5212.0 3.9 -78.00 0.00
14.281 -2588.0 5212.0 3.9 -78.00 0.00
14.332 -2588.0 5212.0 3.9 -78.00 0.00
14.382 -2588.0 5212.0 3.9 -78.00 0.00
14.432 -2588.0 5212.0 3.9 -78.00 0.00
14.482 -2588.0 5212.0 3.9 -78.00 0.00
14.532 -2588.0 5212.0 3.9 -78.00 0.00
14.582 -2588.0 5212.0 3.9 -78.00 0.00
14.632 -2588.0 5212.0 3.9 -78.00 0.00
14.682 -2588.0 5212.0 3.9 -78.00 0.00
14.733 -2588.0 5212.0 3.9 -78.00 0.00
14.783 -2588.0 5212.0 3.9 -78.00 0.00
14.833 -2588.0 5212.0 3.9 -78.00 0.00
14.883 -2588.0 5212.0 3.9 -78.00 0.00
14.933 -2588.0 5212.0 3.9 -78.00 0.00
14.983 -2588.0 5212.0 3.9 -78.00 0.00
15.033 -2588.0 5212.0 3.9 -78.00 0.00
15.083 -2588.0 5212.0 3.9 -78.00 0.00
15.133 -2588.0 5212.0 3.9 -78.00 0.00
15.184 -2588.0 5212.0 3.9 -78.00 0.00
15.234 -2588.0 5212.0 3.9 -78.00 0.00
15.284 -2588.0 5212.0 3.9 -78.00 0.00
15.334 -2588.0 5212.0 3.9 -78.00 0.00
15.384 -2588.0 5212.0 3.9 -78.00 0.00
15.434 -2588.0 5212.0 3.9 -78.00 0.00
15.484 -2589.1 5213.7 3.9 -78.00 0.00
15.534 -2589.5 5213.7 3.9 -78.00 0.00
15.584 -2589.0 5213.7 3.9 -78.00 0.00
15.635 -2589.4 5213.7 3.9 -78.00 0.00
15.685 -2589.8 5213.7 3.9 -78.00 0.00
15.735 -2590.0 5213.7 3.9 -78.00 0.00
15.785 -2590.3 5213.7 3.9 -78.00 0.00
15.835 -2590.3 5213.7 3.9 -78.00 0.00
15.885 -2590.3 5213.7 3.9 -78.00 0.00
15.935 -2590.3 5213.7 3.9 -78.00 0.00
15.985 -2595.5 5212.6 4.2 -78.00 0.00
16.035 -2599.4 5211.0 4.0 -78.00 0.00
16.086 -2593.7 5213.0 3.9 -78.00 0.00
16.136 -2597.7 5211.7 3.9 -78.00 0.00
16.186 -2599.4 5210.5 3.9 -78.00 0.00
16.236 -2599.4 5210.1 3.9 -78.00 0.00
16.286 -2599.4 5210.1 3.9 -78.00 0.00
16.336 -2599.4 5210.1 3.9 -78.00 0.00
16.386 -2599.4 5210.1 3.9 -78.00 0.00
16.436 -2599.4 5210.1 3.9 -78.00 0.00
16.486 -2599.4 5210.1 3.9 -78.00 0.00
16.537 -2599.4 5210.1 3.9 -78.00 0.00
16.587 -2599.4 5210.1 3.9 -78.00 0.00
16.637 -2599.4 5210.1 3.9 -78.00 0.00
16.687 -2599.4 5210.1 3.9 -78.00 0.00
16.737 -2599.4 5210.1 3.9 -78.00 0.00
16.787 -2599.4 5210.1 3.9 -78.00 0.00
16.837 -2599.4 5210.1 3.9 -78.00 0.00
16.887 -2599.4 5210.1 3.9 -78.00 0.00
16.937 -2599.4 5210.1 3.9 -78.00 0.00
16.988 -2599.4 5210.1 3.9 -78.00 0.00
17.038 -2599.4 5210.1 3.9 -78.00 0.00
17.088 -2599.4 5210.1 3.9 -78.00 0.00
17.138 -2599.4 5210.1 3.9 -78.00 0.00
17.188 -2599.4 5210.1 3.9 -78.00 0.00
17.238 -2599.4 5210.1 3.9 -78.00 0.00
17.288 -2599.4 5210.1 3.9 -78.00 0.00
17.338 -2599.4 5210.1 3.9 -78.00 0.00
17.388 -2597.7 5202.1 3.9 -78.00 0.00
17.439 -2593.6 5183.0 3.9 -78.00 0.00
17.489 -2588.2 5157.3 3.9 -78.00 0.00
17.539 -2583.8 5136.7 3.9 -78.00 0.00
17.589 -2573.0 5086.1 3.9 -78.00 -0.90
17.639 -2575.7 5098.7 3.9 -78.00 -3.35
17.689 -2573.3 5087.3 3.9 -78.00 -8.10
17.739 -2572.0 5081.5 3.9 -78.00 -12.84
17.789 -2571.4 5078.5 3.9 -78.00 -14.41
17.839 -2570.8 5075.7 3.9 -78.00 -14.41
17.890 -2570.8 5075.7 3.9 -78.00 -14.41
17.940 -2570.8 5075.7 3.9 -78.00 -14.41
17.990 -2570.8 5075.7 3.9 -78.00 -14.41
18.040 -2570.8 5075.7 3.9 -78.00 -14.41
18.090 -2570.8 5075.7 3.9 -78.00 -14.41
18.140 -2572.2 5074.6 4.1 -78.00 -14.41
18.190 -2578.4 5066.3 5.9 -78.00 -14.41
18.240 -2588.3 5052.1 8.9 -78.00 -14.41
18.291 -2601.3 5033.3 13.0 -78.00 -14.41
18.341 -2614.9 5013.3 17.3 -78.00 -14.41
18.391 -2630.3 4992.0 21.8 -78.00 -14.41
18.441 -2655.2 4958.9 28.8 -78.00 -14.41
18.491 -2657.6 4955.8 29.4 -78.00 -14.41
18.541 -2658.8 4954.1 29.8 -78.00 -14.41
18.591 -2657.6 4955.7 29.5 -78.00 -14.41
18.641 -2658.8 4954.1 29.8 -78.00 -14.41
18.691 -2659.0 4953.9 29.8 -78.00 -14.41
18.742 -2659.0 4953.9 29.8 -78.00 -14.41
18.792 -2666.2 4952.4 29.8 -78.00 -14.41
18.842 -2683.9 4948.6 29.8 -78.00 -14.41
18.892 -2705.2 4944.1 29.8 -78.00 -14.41
18.942 -2729.8 4938.9 29.8 -78.00 -14.41
18.992 -2745.7 4935.5 29.8 -78.00 -14.41
19.042 -2755.6 4933.4 29.8 -78.00 -14.41
19.092 -2762.3 4931.9 29.8 -78.00 -14.41
19.142 -2766.3 4931.1 29.8 -78.00 -14.41
19.192 -2768.3 4930.7 29.8 -78.00 -14.41
19.243 -2766.4 4931.1 29.8 -78.00 -14.41
19.293 -2768.3 4930.7 29.8 -78.00 -14.41
19.343 -2768.6 4930.6 29.8 -78.00 -14.41
19.393 -2768.3 4929.4 30.1 -76.72 -14.41
19.443 -2766.4 4920.2 32.6 -72.37 -14.41
19.493 -2763.0 4904.4 36.7 -65.01 -14.41
19.543 -2758.0 4883.5 42.2 -65.01 -14.41
19.593 -2753.8 4866.7 46.7 -65.01 -14.41
19.643 -2751.1 4856.0 49.5 -65.01 -14.41
19.694 -2749.3 4849.1 51.4 -65.01 -14.41
19.744 -2748.1 4844.4 52.6 -65.01 -14.41
19.794 -2747.5 4841.9 53.3 -65.01 -14.41
19.844 -2747.3 4841.2 53.4 -65.01 -14.41
19.894 -2747.3 4841.2 53.5 -65.01 -14.41
19.944 -2745.7 4837.7 54.4 -65.01 -14.41
19.994 -2740.6 4826.6 57.6 -65.01 -14.41
20.044 -2732.6 4809.6 62.4 -65.01 -14.41
20.094 -2723.2 4789.3 68.2 -65.01 -14.41
20.144 -2712.5 4766.3 74.7 -65.01 -14.24
20.195 -2700.8 4741.3 81.8 -65.01 -12.13
20.245 -2691.9 4722.2 87.2 -65.01 -10.35
20.295 -2686.0 4709.6 90.7 -65.01 -10.35
20.345 -2682.3 4701.7 93.0 -65.01 -10.35
20.395 -2680.0 4696.7 94.4 -65.01 -10.35
20.445 -2678.6 4693.6 95.3 -65.01 -10.35
20.495 -2677.9 4692.3 95.7 -65.01 -10.35
20.545 -2677.3 4690.8 96.0 -64.01 -10.35
20.595 -2672.7 4681.0 97.9 -59.94 -10.35
20.645 -2664.9 4664.4 101.3 -52.84 -10.35
20.695 -2654.1 4642.4 105.8 -42.62 -10.35
20.746 -2641.7 4620.1 110.5 -34.20 -10.35
20.796 -2626.6 4597.5 115.5 -34.20 -10.35
20.846 -2607.9 4575.8 120.8 -34.20 -10.35
20.896 -2587.4 4556.2 126.1 -34.20 -10.35
20.946 -2566.3 4538.3 131.2 -34.20 -10.35
20.996 -2544.2 4521.0 136.4 -34.20 -10.35
21.046 -2522.2 4504.5 141.4 -34.20 -10.35
21.096 -2499.5 4488.1 146.6 -34.20 -10.35
21.146 -2476.6 4471.9 151.7 -34.20 -10.35
21.196 -2453.6 4455.9 156.9 -34.20 -10.35
21.247 -2431.0 4440.3 161.9 -34.20 -10.35
21.297 -2407.4 4424.1 167.1 -34.20 -10.35
21.347 -2384.2 4408.3 172.2 -34.20 -10.35
21.397 -2360.6 4392.1 177.5 -34.20 -10.35
21.447 -2337.6 4376.5 182.6 -34.20 -10.35
21.497 -2321.5 4365.5 186.1 -34.20 -10.35
21.547 -2290.3 4344.3 193.0 -34.20 -10.35
21.597 -2273.9 4333.2 196.6 -34.20 -10.35
21.647 -2244.1 4312.9 203.2 -34.20 -10.35
21.697 -2167.7 4261.0 220.1 -34.20 -10.35
21.748 -2197.4 4281.1 213.5 -34.20 -10.35
21.798 -2174.7 4265.7 218.6 -33.19 -10.35
21.848 -2097.7 4214.4 235.5 -27.10 -10.35
21.898 -2128.3 4234.2 228.8 -22.06 -10.35
21.948 -2047.2 4187.8 246.0 -18.92 -10.35
21.998 -2080.6 4204.4 239.1 -18.92 -10.35
22.048 -2055.2 4191.5 244.3 -18.92 -10.35
22.098 -2038.3 4183.8 247.8 -18.92 -10.35
22.149 -2003.2 4169.3 254.7 -18.92 -10.35
22.199 -1917.4 4137.6 271.5 -18.92 -10.35
22.249 -1891.5 4128.5 276.5 -18.92 -10.35
22.299 -1865.0 4119.2 281.6 -18.92 -10.35
22.349 -1839.1 4110.2 286.6 -18.92 -10.35
22.399 -1813.1 4101.3 291.6 -18.92 -8.33
22.449 -1786.4 4092.1 296.0 -18.92 -5.48
22.500 -1757.6 4082.2 300.1 -18.92 -5.48
22.550 -1731.3 4073.2 303.5 -18.92 -5.48
22.600 -1759.5 4082.9 299.8 -18.92 -5.48
22.650 -1677.2 4054.6 309.7 -18.92 -5.48
22.700 -1649.3 4045.0 312.7 -18.92 -5.48
22.750 -1685.3 4057.4 308.8 -18.92 -5.48
22.800 -1595.1 4026.5 318.4 -18.92 -5.48
22.850 -1629.4 4038.2 314.8 -18.92 -5.48
22.900 -1540.3 4007.7 324.0 -18.92 -5.48
22.951 -1513.5 3998.5 326.8 -18.92 -5.48
23.001 -1487.2 3989.5 329.4 -18.92 -5.48
23.051 -1460.4 3980.3 332.2 -18.92 -5.48
23.101 -1495.5 3992.3 328.6 -18.92 -5.48
23.151 -1466.6 3982.4 331.5 -18.92 -5.48
23.201 -1437.4 3972.4 334.5 -18.92 -5.48
23.251 -1412.6 3963.9 337.0 -18.92 -5.48
23.301 -1383.9 3954.1 339.9 -18.92 -5.48
23.351 -1299.9 3925.3 348.4 -18.92 -5.48
23.401 -1330.6 3935.8 345.3 -18.92 -5.48
23.452 -1302.1 3926.0 348.2 -18.92 -5.48
23.502 -1281.1 3918.9 350.4 -18.92 -5.48
23.552 -1255.0 3909.9 353.0 -18.92 -5.48
23.602 -1225.8 3899.9 356.0 -18.92 -5.48
23.652 -1194.1 3889.1 359.2 -18.92 -5.48
23.702 -1167.5 3879.9 361.9 -18.92 -5.48
23.752 -1140.5 3870.7 364.6 -18.92 -5.48
23.802 -1113.6 3861.5 367.3 -18.92 -5.48
23.852 -1086.6 3852.2 370.1 -18.92 -5.48
23.903 -1059.1 3842.8 372.9 -18.92 -5.48
23.953 -1036.0 3834.9 375.2 -20.95 -5.48
24.003 -1011.6 3826.5 377.7 -25.99 -5.48
24.053 -978.6 3815.0 381.0 -34.12 -5.48
24.103 -952.5 3805.2 383.7 -34.12 -5.48
24.153 -929.1 3795.2 386.1 -34.12 -5.48
24.203 -905.7 3783.2 388.7 -34.12 -5.48
24.253 -878.9 3768.4 391.6 -34.12 -5.48
24.303 -857.4 3755.4 394.0 -34.12 -5.48
24.354 -828.0 3736.9 397.4 -34.12 -5.48
24.404 -804.6 3721.8 400.1 -36.14 -5.48
24.454 -782.9 3707.5 402.6 -41.17 -5.48
24.504 -759.4 3691.7 405.3 -49.37 -5.48
24.554 -734.7 3674.3 408.2 -52.73 -5.48
24.604 -715.9 3659.3 410.5 -52.73 -5.48
24.654 -693.8 3639.5 413.4 -52.73 -5.48
24.704 -674.3 3619.4 416.1 -52.73 -5.48
24.754 -655.8 3598.6 418.8 -52.73 -5.48
24.804 -636.9 3576.2 421.6 -52.73 -5.48
24.855 -619.3 3554.6 424.3 -52.73 -5.48
24.905 -599.6 3529.7 427.3 -52.73 -5.48
24.955 -580.7 3505.6 430.3 -52.73 -5.48
25.005 -566.5 3487.2 432.5 -52.73 -5.48
25.055 -549.5 3465.1 435.2 -52.73 -5.48
25.105 -532.9 3443.4 437.8 -52.73 -5.48
25.155 -515.2 3420.3 440.6 -52.73 -5.48
25.205 -498.6 3398.6 443.2 -52.73 -5.48
25.255 -481.8 3376.6 445.9 -52.73 -5.48
25.305 -464.8 3354.2 448.6 -53.73 -5.48
25.355 -447.5 3331.4 451.3 -57.73 -5.48
25.406 -430.3 3308.8 454.0 -64.79 -5.48
25.456 -412.9 3285.4 456.8 -71.27 -5.48
25.506 -396.2 3261.2 459.6 -71.27 -5.48
25.556 -382.0 3237.4 462.3 -71.27 -5.48
25.606 -368.6 3210.8 465.2 -71.27 -5.48
25.656 -356.5 3183.3 468.1 -71.27 -5.48
25.706 -345.8 3156.8 470.9 -71.27 -5.48
25.756 -335.3 3129.2 473.7 -71.27 -5.48
25.806 -325.2 3101.4 476.5 -71.27 -5.48
25.856 -316.0 3075.5 479.2 -71.27 -5.48
25.906 -307.0 3049.8 481.8 -71.27 -5.48
25.957 -296.7 3019.9 484.8 -71.27 -5.48
26.007 -287.4 2992.8 487.6 -71.27 -5.48
26.057 -280.1 2971.4 489.7 -71.27 -5.48
26.107 -270.8 2944.3 492.5 -72.30 -5.48
26.157 -261.7 2917.5 495.2 -76.36 -5.48
26.207 -252.3 2889.5 498.0 -83.44 -5.48
26.257 -243.4 2862.2 500.8 -93.57 -5.48
26.307 -235.6 2834.5 503.6 -93.57 -5.48
26.357 -229.4 2805.0 506.5 -93.57 -5.48
26.407 -226.1 2777.0 509.2 -93.57 -5.48
26.458 -224.5 2748.5 512.0 -93.57 -5.48
26.508 -224.1 2720.3 514.7 -93.57 -5.48
26.558 -224.5 2692.4 517.4 -93.57 -5.48
26.608 -225.4 2664.1 520.1 -93.57 -5.48
26.658 -226.6 2635.5 522.9 -93.57 -5.48
26.708 -228.0 2606.3 525.7 -93.57 -5.48
26.758 -229.6 2576.8 528.5 -93.57 -5.48
26.808 -231.2 2548.5 531.2 -93.57 -5.48
26.858 -232.9 2519.6 534.0 -93.57 -6.50
26.908 -234.6 2492.4 536.6 -93.57 -10.44
26.959 -236.3 2464.4 539.4 -93.57 -14.96
27.009 -237.9 2437.7 542.3 -93.57 -19.51
27.059 -239.6 2410.7 546.0 -93.57 -24.01
27.109 -241.4 2382.4 551.2 -93.57 -27.50
27.159 -243.0 2355.5 557.9 -93.57 -27.50
27.209 -244.7 2328.2 566.6 -93.57 -27.50
27.259 -246.4 2300.7 577.2 -93.57 -27.50
27.309 -248.1 2274.5 588.5 -93.57 -27.50
27.359 -249.7 2248.9 600.3 -93.57 -27.50
27.409 -251.3 2223.0 612.9 -93.57 -27.50
27.459 -252.8 2198.2 625.2 -93.57 -27.50
27.510 -254.4 2173.2 637.9 -93.57 -27.50
27.560 -256.0 2147.5 651.0 -93.57 -27.50
27.610 -257.6 2122.5 663.9 -93.57 -27.50
27.660 -259.2 2097.0 677.0 -93.57 -27.50
27.710 -260.7 2071.5 690.3 -93.57 -27.50
27.760 -262.3 2046.7 703.2 -95.58 -27.50
27.810 -263.9 2021.5 716.3 -100.65 -26.74
27.860 -265.5 1996.5 729.4 -108.74 -24.92
27.910 -267.6 1971.0 742.6 -118.26 -21.98
27.960 -270.9 1945.7 755.7 -127.49 -18.76
28.010 -276.3 1920.7 768.3 -127.49 -18.76
28.061 -284.5 1895.8 780.5 -127.49 -18.76
28.111 -295.6 1871.6 791.9 -127.49 -18.76
28.161 -308.1 1849.2 802.1 -127.49 -18.76
28.211 -322.5 1826.4 812.3 -127.49 -18.43
28.261 -337.4 1804.3 822.0 -127.63 -15.43
28.311 -353.2 1782.1 831.7 -128.26 -11.07
28.361 -369.6 1759.6 841.3 -131.43 -7.08
28.411 -392.8 1728.6 853.1 -136.22 -2.04
28.461 -405.3 1712.5 858.4 -139.89 1.96
28.511 -431.8 1681.6 865.4 -139.89 3.47
28.561 -453.9 1657.8 869.3 -139.89 3.47
28.612 -472.9 1639.1 870.8 -139.89 3.47
28.662 -492.6 1620.8 871.2 -139.89 3.47
28.712 -512.2 1603.2 870.9 -139.89 3.47
28.762 -532.6 1585.2 870.2 -139.89 3.47
28.812 -553.4 1567.1 869.1 -140.93 4.51
28.862 -574.4 1549.1 867.9 -144.99 7.66
28.912 -596.4 1530.5 866.3 -152.12 10.87
28.962 -618.4 1512.4 864.3 -161.31 14.06
29.012 -643.9 1493.4 861.1 -168.40 16.01
29.062 -668.0 1478.3 856.9 -168.40 16.01
29.112 -695.5 1465.0 851.0 -168.40 16.01
29.163 -721.2 1455.1 844.8 -168.40 16.01
29.213 -747.0 1446.9 838.0 -168.40 16.01
29.263 -773.0 1439.6 831.0 -168.40 16.01
29.313 -800.5 1432.7 823.3 -168.40 16.01
29.363 -826.5 1426.5 815.9 -168.40 16.01
29.413 -854.4 1420.3 807.8 -168.40 16.01
29.463 -881.4 1414.4 800.0 -168.40 16.01
29.513 -907.5 1408.8 792.4 -168.40 16.01
29.563 -934.8 1403.1 784.5 -168.40 16.01
29.613 -961.3 1397.6 776.7 -168.40 16.01
29.663 -988.3 1392.0 768.8 -168.40 16.01
29.714 -1016.4 1386.2 760.6 -168.40 16.01
29.764 -1043.2 1380.6 752.8 -168.40 16.01
29.814 -1069.7 1375.2 745.0 -168.40 16.01
29.864 -1096.9 1369.6 737.1 -168.40 15.67
29.914 -1123.5 1364.1 729.3 -168.40 12.62
29.964 -1213.4 1345.7 705.0 -168.40 6.60
30.014 -1176.8 1353.2 714.0 -168.40 6.60
30.064 -1268.0 1334.5 695.1 -168.40 6.60
30.114 -1296.1 1328.7 690.9 -168.40 6.60
30.165 -1259.1 1336.3 696.6 -168.40 6.60
30.215 -1351.5 1317.3 683.4 -168.40 6.60
30.265 -1379.2 1311.6 679.9 -168.40 6.60
30.315 -1406.9 1305.9 676.5 -168.40 6.60
30.365 -1370.3 1313.5 681.0 -168.40 6.60
30.415 -1462.4 1294.6 669.8 -168.40 6.60
30.465 -1489.6 1289.0 666.5 -168.40 6.60
30.515 -1453.0 1296.5 670.9 -168.40 6.60
30.566 -1545.0 1277.6 660.0 -168.40 6.60
30.616 -1572.7 1271.9 656.7 -168.40 6.60
30.666 -1600.5 1266.2 653.4 -168.40 6.60
30.716 -1628.8 1260.4 650.0 -168.40 6.60
30.766 -1592.7 1267.8 654.3 -168.40 6.60
30.816 -1685.3 1248.8 643.4 -168.40 6.60
30.866 -1712.5 1243.2 640.2 -168.40 6.60
30.916 -1740.3 1237.5 636.9 -168.40 6.60
30.966 -1767.4 1232.0 633.7 -168.40 6.60
31.017 -1795.2 1226.3 630.4 -168.40 6.60
31.067 -1767.4 1232.0 633.7 -168.40 6.60
31.117 -1796.3 1226.0 630.3 -168.40 6.60
31.167 -1822.9 1220.6 627.1 -168.40 6.60
31.217 -1906.7 1203.4 617.2 -169.40 6.60
31.267 -1934.5 1198.1 614.0 -173.45 6.60
31.317 -1906.7 1203.4 617.2 179.40 6.60
31.367 -1990.6 1191.9 607.4 176.38 6.60
31.417 -1962.1 1194.1 610.7 176.38 6.60
31.467 -1980.9 1192.4 608.5 176.38 6.60
31.518 -2019.6 1191.1 604.0 176.38 6.60
31.568 -2047.4 1191.2 600.8 176.38 6.60
31.618 -2076.1 1192.0 597.5 176.38 6.60
31.668 -2096.5 1192.7 595.1 176.38 6.60
31.718 -2134.6 1194.5 590.7 176.38 6.60
31.768 -2162.9 1196.0 587.4 176.38 6.60
31.818 -2190.7 1197.6 584.2 176.38 6.60
31.868 -2209.9 1198.8 581.9 176.38 6.60
31.918 -2246.3 1201.0 577.7 175.37 6.60
31.969 -2266.8 1202.2 575.3 171.26 6.60
32.019 -2285.1 1203.4 573.2 166.85 6.60
32.069 -2318.8 1205.7 569.3 156.39 6.60
32.119 -2419.0 1226.4 557.4 151.03 6.60
32.169 -2377.0 1213.9 562.5 151.03 6.60
32.219 -2471.2 1248.9 550.7 151.03 6.60
32.269 -2432.9 1231.9 555.6 151.03 6.60
32.319 -2521.9 1274.3 544.1 151.03 6.60
32.369 -2546.9 1287.5 540.8 151.03 6.60
32.419 -2510.3 1268.3 545.6 150.01 6.60
32.470 -2596.4 1315.1 534.2 143.96 6.60
32.520 -2560.8 1295.0 539.0 138.82 6.60
32.570 -2643.3 1349.3 527.5 124.46 6.60
32.620 -2659.0 1364.6 524.9 124.46 6.60
32.670 -2634.0 1341.4 528.9 124.46 6.60
32.720 -2649.0 1354.6 526.5 124.46 6.60
32.770 -2674.3 1381.6 522.2 124.46 6.60
32.820 -2696.1 1407.8 518.2 124.12 6.60
32.870 -2715.0 1432.4 514.6 120.72 6.60
32.920 -2765.1 1504.9 504.3 114.31 6.60
32.971 -2779.2 1531.3 500.9 104.77 6.60
33.021 -2762.4 1500.9 504.9 92.52 6.60
33.071 -2777.2 1527.8 501.3 88.19 6.60
33.121 -2788.0 1553.8 498.0 88.19 6.60
33.171 -2795.3 1580.5 494.7 88.19 6.60
33.221 -2800.0 1610.4 491.1 88.19 6.60
33.271 -2802.5 1637.2 487.9 88.19 6.60
33.321 -2803.9 1666.2 484.5 88.19 6.60
33.371 -2804.4 1694.3 481.2 88.19 6.60
33.421 -2803.6 1784.0 470.8 88.19 6.60
33.472 -2804.1 1752.3 474.5 88.19 6.60
33.522 -2803.6 1781.4 471.1 88.19 6.60
33.572 -2802.9 1810.1 467.8 87.86 6.73
33.622 -2800.2 1898.3 457.5 84.78 7.76
33.672 -2801.4 1867.0 461.2 78.71 8.53
33.722 -2794.3 1955.4 449.9 72.98 8.56
33.772 -2798.2 1924.5 454.1 72.98 8.56
33.822 -2794.6 1952.9 450.2 72.98 8.56
33.872 -2789.4 1980.4 446.3 72.98 8.56
33.923 -2783.3 2006.8 442.3 72.98 8.56
33.973 -2776.7 2033.0 438.4 72.98 8.56
34.023 -2769.5 2059.2 434.3 72.98 8.56
34.073 -2762.1 2085.3 430.3 73.31 8.56
34.123 -2754.3 2111.9 426.2 76.36 8.56
34.173 -2746.2 2139.4 421.9 82.50 8.56
34.223 -2738.4 2166.0 417.7 91.60 8.56
34.273 -2730.9 2194.4 413.3 100.64 8.56
34.323 -2725.4 2221.8 409.0 100.64 8.56
34.374 -2722.4 2249.8 404.8 100.64 8.56
34.424 -2722.4 2281.2 400.0 100.64 8.56
34.474 -2724.2 2307.9 395.9 100.64 8.56
34.524 -2727.3 2336.3 391.5 100.64 8.56
34.574 -2731.1 2364.3 387.2 100.64 8.56
34.624 -2735.2 2390.7 383.2 100.64 8.56
34.674 -2739.7 2417.8 379.0 100.64 8.56
34.724 -2744.3 2444.5 374.9 100.64 8.56
34.775 -2749.2 2471.7 370.8 100.64 8.56
34.825 -2754.3 2500.1 366.4 100.64 8.56
34.875 -2759.6 2528.4 362.1 100.64 8.56
34.925 -2764.6 2555.6 357.9 100.64 8.56
34.975 -2769.8 2583.7 353.6 100.64 8.56
35.025 -2775.0 2611.3 349.4 100.64 8.56
35.075 -2780.0 2638.0 345.3 100.64 8.56
35.125 -2785.1 2665.2 341.1 100.64 8.56
35.175 -2790.3 2692.9 336.9 100.64 8.56
35.226 -2795.5 2721.0 332.6 100.64 8.56
35.276 -2799.2 2748.4 328.4 100.64 8.56
35.326 -2799.4 2778.1 324.0 100.64 8.56
35.376 -2795.8 2806.1 320.0 100.64 8.56
35.426 -2788.6 2834.0 316.0 101.64 8.56
35.476 -2778.1 2860.7 312.4 105.76 8.56
35.526 -2765.6 2886.3 308.9 113.13 8.56
35.576 -2751.1 2913.0 305.4 123.76 8.56
35.626 -2738.2 2937.0 302.4 133.67 8.56
35.676 -2725.7 2963.6 299.1 133.67 8.56
35.727 -2716.2 2990.4 296.0 133.67 8.56
35.777 -2709.7 3017.3 293.0 133.67 8.56
35.827 -2705.3 3044.1 290.0 133.67 8.56
35.877 -2702.0 3071.7 287.0 134.00 8.56
35.927 -2699.7 3098.6 284.1 137.01 8.56
35.977 -2697.9 3126.7 281.1 143.11 8.56
36.027 -2696.5 3154.7 278.1 152.25 8.56
36.077 -2696.4 3182.5 275.2 164.37 8.56
36.127 -2700.3 3210.5 271.8 173.38 8.56
36.177 -2711.2 3235.8 268.0 173.38 8.56
36.227 -2728.5 3254.8 264.0 173.38 8.56
36.278 -2750.1 3268.2 259.8 173.38 8.56
36.328 -2776.2 3278.5 255.3 173.38 8.56
36.378 -2802.1 3285.9 251.0 173.74 8.56
36.428 -2829.8 3292.0 246.6 176.78 8.56
36.478 -2858.0 3297.2 242.1 -177.11 8.56
36.528 -2886.6 3301.5 237.7 -167.86 8.56
36.578 -2915.8 3304.7 233.2 -155.50 8.56
36.628 -2945.8 3305.7 228.6 -146.83 8.56
36.678 -2978.2 3302.9 223.6 -146.83 8.56
36.728 -3009.9 3295.0 218.5 -146.83 8.56
36.779 -3092.0 3256.5 204.5 -145.79 8.56
36.829 -3058.3 3274.7 210.4 -143.29 8.56
36.879 -3087.1 3259.2 205.3 -136.34 8.56
36.929 -3114.6 3242.7 200.4 -124.78 8.56
36.979 -3135.8 3227.9 196.5 -111.85 8.56
37.029 -3161.3 3205.8 191.3 -96.96 8.56
37.079 -3180.5 3184.9 186.9 -92.44 8.56
37.129 -3192.7 3165.3 183.3 -92.44 8.56
37.179 -3203.6 3136.4 178.3 -92.44 8.56
37.229 -3209.6 3103.9 172.9 -92.44 8.56
37.280 -3210.6 3077.2 168.7 -92.44 8.56
37.330 -3209.3 3049.7 164.5 -92.44 8.56
37.380 -3206.1 3022.3 160.3 -92.44 8.56
37.430 -3200.9 2995.5 156.2 -92.44 8.56
37.480 -3193.8 2969.4 152.3 -92.44 8.56
37.530 -3184.9 2944.3 148.6 -92.44 8.56
37.580 -3173.4 2919.5 144.9 -92.44 8.56
37.630 -3160.3 2895.6 141.4 -92.44 8.56
37.680 -3144.8 2871.6 137.9 -93.56 8.56
37.730 -3128.4 2849.3 134.6 -97.70 8.56
37.781 -3111.1 2827.6 131.5 -104.89 8.56
37.831 -3053.4 2749.4 120.8 -119.27 8.56
37.881 -3076.4 2784.3 125.4 -127.93 8.56
37.931 -3060.3 2760.7 122.2 -140.56 9.04
37.981 -3046.7 2734.8 119.1 -144.48 9.71
38.031 -3037.2 2703.9 115.4 -144.48 9.71
38.081 -3037.1 2673.7 111.1 -144.48 9.71
38.131 -3045.0 2652.0 107.3 -144.48 9.71
38.181 -3058.9 2631.9 102.9 -144.48 9.71
38.231 -3077.7 2611.4 98.0 -144.48 9.71
38.282 -3102.9 2592.5 92.4 -144.83 9.71
38.332 -3127.6 2578.9 87.5 -147.91 9.71
38.382 -3148.5 2570.6 83.7 -154.00 9.71
38.432 -3176.4 2561.5 78.8 -165.11 9.71
38.482 -3206.0 2554.2 73.9 -177.65 9.71
38.532 -3234.7 2550.1 69.2 -177.65 9.71
38.582 -3263.9 2549.8 64.4 -177.65 9.71
38.632 -3292.8 2553.1 59.7 -177.65 9.71
38.682 -3317.4 2557.9 55.6 -177.65 9.71
38.732 -3337.9 2562.6 52.2 -177.65 9.71
38.783 -3365.7 2568.8 47.6 178.98 9.84
38.833 -3358.1 2567.1 48.9 175.26 9.93
38.883 -3364.4 2568.5 47.8 167.02 10.45
38.933 -3367.2 2569.2 47.4 156.72 12.72
38.983 -3368.4 2569.4 47.2 144.45 16.97
39.033 -3368.4 2569.4 47.2 138.79 18.92
39.083 -3369.9 2570.8 46.5 138.79 18.92
39.133 -3378.2 2578.0 42.7 138.79 18.92
39.184 -3391.7 2590.5 36.4 138.79 18.92
39.234 -3403.0 2607.2 29.7 138.79 18.92
39.284 -3410.0 2618.4 25.4 138.79 18.92
39.334 -3402.6 2606.5 30.0 138.79 18.92
39.384 -3417.8 2630.8 20.6 138.79 18.92
39.434 -3414.6 2625.8 22.5 138.80 18.92
39.484 -3417.7 2630.7 20.6 140.82 18.92
39.534 -3419.5 2633.7 19.5 145.90 18.92
39.584 -3420.4 2635.1 18.9 154.06 18.92
39.635 -3420.4 2635.1 18.9 165.37 18.92
39.685 -3420.4 2635.1 18.9 178.46 18.92
39.735 -3437.4 2635.3 13.1 -175.12 18.92
39.785 -3424.1 2635.3 17.7 -175.12 18.92
39.835 -3432.3 2635.4 14.8 -175.12 18.92
39.885 -3447.5 2634.8 9.6 -176.12 19.06
39.935 -3504.6 2632.7 -10.0 177.81 19.47
39.985 -3489.4 2633.2 -4.8 172.74 19.68
40.035 -3514.5 2632.4 -13.4 158.62 20.10
40.086 -3508.3 2632.6 -11.2 150.22 20.32
40.136 -3509.7 2641.7 -14.3 133.14 20.65
40.186 -3498.1 2653.6 -14.5 128.80 20.65
40.236 -3511.0 2640.1 -14.3 128.80 20.65
40.286 -3497.3 2654.1 -14.5 128.80 20.65
40.336 -3480.6 2669.4 -14.6 128.80 20.65
40.386 -3460.8 2686.5 -14.7 128.80 20.65
40.436 -3448.1 2697.3 -14.7 128.80 20.65
40.486 -3434.7 2708.6 -14.8 128.80 20.65
40.536 -3427.9 2714.3 -14.8 128.80 20.65
40.587 -3423.5 2718.0 -14.8 128.80 20.65
40.637 -3420.2 2720.8 -14.8 128.83 20.65
40.687 -3418.5 2722.3 -14.8 130.99 20.65
40.737 -3418.1 2722.7 -14.8 136.19 20.65
40.787 -3423.2 2728.7 -17.8 144.45 20.65
40.837 -3430.1 2736.6 -21.8 155.96 20.65
40.887 -3442.7 2749.2 -28.5 160.67 20.65
40.937 -3459.7 2763.4 -36.9 160.67 20.65
40.987 -3486.1 2780.7 -49.0 160.67 20.65
41.037 -3507.5 2798.0 -59.0 160.67 20.65
41.088 -3520.9 2812.6 -65.7 160.67 20.65
41.138 -3532.5 2829.9 -72.1 162.72 20.65
41.188 -3541.8 2844.5 -77.3 167.77 20.65
41.238 -3547.8 2853.9 -80.6 175.92 20.65
41.288 -3551.7 2860.0 -82.8 -172.94 20.65
41.338 -3554.1 2863.9 -84.2 -159.85 20.65
41.388 -3555.4 2866.0 -84.9 -146.75 20.65
41.438 -3555.8 2866.6 -85.1 -133.96 20.49
41.488 -3555.8 2866.5 -85.2 -120.73 20.12
41.539 -3553.6 2864.1 -85.2 -108.21 19.57
41.589 -3545.6 2857.1 -85.2 -96.39 18.56
41.639 -3479.2 2823.4 -86.6 -84.33 16.56
41.689 -3459.3 2817.2 -87.3 -78.01 15.70
41.739 -3485.2 2825.8 -86.3 -78.01 15.70
41.789 -3464.9 2818.9 -87.1 -78.01 15.70
41.839 -3451.5 2814.7 -87.6 -78.01 15.70
41.889 -3442.8 2812.0 -88.0 -78.01 14.31
41.939 -3436.4 2807.5 -89.0 -78.01 10.20
41.990 -3429.0 2791.2 -93.3 -78.01 5.69
42.040 -3423.8 2775.6 -97.2 -78.11 1.15
42.090 -3420.1 2755.8 -101.4 -79.10 -0.71
42.140 -3421.3 2732.5 -105.3 -79.10 -0.71
42.190 -3428.1 2708.1 -108.0 -79.10 -0.71
42.240 -3438.7 2683.1 -109.7 -79.10 -0.71
42.290 -3451.5 2658.2 -110.7 -79.10 -0.71
42.340 -3466.0 2632.8 -111.2 -79.10 -0.71
42.390 -3480.2 2609.4 -111.5 -79.10 -0.71
42.441 -3498.8 2580.2 -111.5 -79.10 -0.71
42.491 -3516.2 2554.1 -111.5 -79.10 -0.71
42.541 -3527.0 2538.9 -111.4 -79.10 -0.71
42.591 -3538.6 2523.2 -111.3 -79.10 -0.71
42.641 -3544.1 2515.7 -111.3 -79.10 -0.71
42.691 -3547.9 2510.5 -111.3 -79.10 -0.71
42.741 -3550.8 2506.6 -111.3 -79.10 -0.71
42.791 -3551.9 2501.9 -111.2 -79.10 -0.71
42.841 -3550.8 2490.5 -111.1 -79.10 -0.37
42.891 -3548.5 2474.9 -110.9 -79.10 2.67
42.941 -3546.6 2462.6 -110.7 -79.10 7.21
42.992 -3545.4 2454.7 -110.6 -79.10 11.83
43.042 -3544.6 2449.5 -110.6 -79.10 16.51
43.092 -3544.2 2446.7 -110.5 -79.10 16.75
43.142 -3544.1 2445.9 -110.5 -79.10 16.75
43.192 -3544.1 2445.8 -110.5 -79.10 16.75
43.242 -3544.1 2445.8 -110.5 -79.10 16.75
43.292 -3544.1 2445.8 -110.5 -79.10 16.41
43.342 -3543.9 2444.7 -110.9 -79.10 13.33
43.392 -3541.4 2431.9 -114.7 -79.10 8.82
43.442 -3538.9 2419.0 -118.5 -79.10 4.24
43.492 -3535.2 2399.9 -123.4 -79.10 -0.29
43.543 -3530.6 2375.8 -128.4 -79.10 -3.30
43.593 -3525.4 2349.1 -132.5 -79.10 -3.30
43.643 -3520.3 2322.4 -134.9 -79.10 -3.30
43.693 -3515.9 2299.5 -136.3 -79.44 -3.30
43.743 -3513.0 2284.4 -137.1 -82.47 -3.30
43.793 -3511.0 2274.1 -137.7 -88.60 -3.30
43.843 -3509.8 2268.1 -138.0 -97.69 -3.30
43.893 -3509.1 2264.0 -138.2 -109.82 -3.30
43.943 -3508.7 2261.9 -138.3 -122.91 -3.30
43.993 -3510.1 2255.3 -138.0 -135.95 -3.30
44.043 -3514.9 2242.0 -137.2 -149.44 -3.30
44.094 -3524.2 2224.3 -136.0 -158.20 -3.30
44.144 -3535.8 2207.1 -134.8 -158.20 -3.30
44.194 -3545.8 2193.1 -133.8 -158.20 -3.30
44.244 -3551.7 2185.0 -133.2 -158.20 -3.30
44.294 -3554.4 2181.3 -133.0 -158.20 -3.30
44.344 -3557.2 2178.2 -132.7 -158.20 -3.30
44.394 -3565.1 2171.6 -132.1 -158.20 -3.30
44.444 -3578.1 2159.9 -131.2 -159.23 -3.30
44.494 -3594.3 2144.3 -130.0 -163.29 -3.30
44.544 -3613.1 2126.5 -128.6 -170.41 -3.30
44.594 -3628.9 2112.4 -127.4 179.18 -3.30
44.645 -3640.7 2102.2 -126.6 170.43 -3.30
44.695 -3647.9 2096.1 -126.1 170.43 -3.30
44.745 -3657.4 2093.0 -125.4 170.43 -3.30
44.795 -3673.8 2092.8 -124.4 169.40 -3.30
44.845 -3694.7 2094.5 -123.2 165.32 -3.30
44.895 -3718.3 2098.7 -121.8 158.26 -3.30
44.945 -3740.5 2108.4 -120.4 147.98 -3.30
44.995 -3760.6 2123.7 -119.1 147.98 -3.30
45.045 -3777.6 2142.8 -117.8 147.98 -3.30
45.095 -3795.9 2163.6 -116.3 147.98 -3.30
45.146 -3821.7 2187.5 -114.4 148.98 -3.30
45.196 -3841.0 2203.3 -113.0 153.03 -3.30
45.246 -3861.6 2218.5 -111.6 160.13 -3.30
45.296 -3891.5 2238.3 -109.5 170.26 -3.30
45.346 -3913.3 2250.0 -108.1 -177.03 -3.30
45.396 -3936.4 2256.2 -106.7 -173.95 -3.30
45.446 -3963.5 2256.9 -105.1 -173.95 -3.30
45.496 -3989.2 2251.5 -103.6 -173.95 -3.30
45.546 -4015.1 2240.9 -102.0 -173.95 -3.30
45.596 -4039.7 2227.7 -100.5 -173.95 -3.30
45.646 -4071.7 2213.7 -98.6 -173.95 -3.30
45.697 -4095.3 2205.7 -97.2 -173.95 -3.30
45.747 -4120.0 2199.7 -95.8 -173.95 -3.30
45.797 -4153.8 2193.2 -93.8 -173.95 -3.30
45.847 -4178.8 2189.0 -92.3 -173.95 -3.30
45.897 -4210.5 2184.6 -90.5 -173.95 -3.30
45.947 -4235.1 2181.3 -89.1 -173.95 -3.30
45.997 -4260.6 2178.3 -87.6 -173.95 -3.30
46.047 -4296.4 2174.1 -85.5 -173.95 -3.30
46.097 -4391.8 2163.7 -80.0 -173.95 -3.30
46.147 -4345.8 2168.7 -82.7 -173.95 -3.30
46.198 -4380.6 2164.9 -80.6 -173.95 -3.30
46.248 -4476.2 2154.8 -75.3 -175.98 -0.58
46.298 -4430.9 2159.5 -77.7 -179.07 1.59
46.348 -4534.4 2151.5 -74.3 176.48 2.09
46.398 -4561.9 2151.5 -74.6 176.48 2.09
46.448 -4589.8 2152.1 -75.1 176.48 2.09
46.498 -4618.9 2153.1 -75.8 176.48 2.09
46.548 -4647.3 2154.4 -76.7 176.48 2.09
46.599 -4599.9 2152.4 -75.4 176.48 2.09
46.649 -4704.8 2157.4 -78.5 176.48 2.09
46.699 -4657.6 2154.9 -77.0 176.48 2.09
46.749 -4762.2 2160.8 -80.6 176.48 2.09
46.799 -4790.1 2162.4 -81.6 176.48 2.09
46.849 -4744.4 2159.7 -79.9 176.48 2.09
46.899 -4847.5 2165.9 -83.6 176.48 2.09
46.949 -4875.9 2167.7 -84.7 176.48 2.09
46.999 -4904.4 2169.4 -85.7 176.48 2.09
47.050 -4933.4 2171.2 -86.7 176.48 2.09
47.100 -4961.2 2172.9 -87.8 176.48 2.09
47.150 -4989.7 2174.6 -88.8 176.48 2.09
47.200 -4951.6 2172.3 -87.4 176.48 2.09
47.250 -5045.9 2178.1 -90.9 176.48 2.09
47.300 -5074.4 2179.9 -91.9 176.48 2.09
47.350 -5036.3 2177.5 -90.5 176.48 2.09
47.400 -5065.8 2179.3 -91.6 176.48 2.09
47.450 -5094.7 2181.1 -92.6 176.48 2.09
47.501 -5188.6 2186.9 -96.1 176.48 2.09
47.551 -5217.6 2188.7 -97.1 176.48 2.09
47.601 -5245.9 2190.5 -98.2 176.48 2.09
47.651 -5273.5 2192.6 -99.2 176.48 2.09
47.701 -5301.7 2194.9 -100.2 176.48 2.09
47.751 -5264.5 2191.9 -98.8 176.48 2.09
47.801 -5357.8 2199.5 -102.2 176.48 1.22
47.851 -5319.7 2196.5 -100.9 176.48 -2.52
47.901 -5348.1 2198.7 -101.9 176.48 -7.06
47.951 -5376.5 2200.8 -102.7 176.48 -11.58
48.002 -5414.0 2203.2 -102.5 176.48 -13.26
48.052 -5433.2 2202.7 -101.5 176.48 -13.26
48.102 -5461.5 2198.5 -98.7 176.48 -13.26
48.152 -5491.6 2192.4 -94.8 176.48 -13.26
48.202 -5504.9 2189.6 -93.1 176.48 -13.26
48.252 -5510.9 2188.4 -92.3 176.48 -13.23
48.302 -5518.9 2186.8 -91.2 174.37 -11.05
48.352 -5521.8 2186.3 -90.8 169.21 -7.84
48.402 -5533.8 2186.4 -88.4 161.04 -4.64
48.452 -5546.0 2187.4 -86.1 151.80 -1.43
48.503 -5574.2 2191.7 -81.7 141.60 0.65
48.553 -5590.2 2195.7 -79.7 129.22 1.08
48.603 -5608.4 2200.5 -77.5 120.39 1.08
48.653 -5620.3 2203.7 -76.1 120.39 1.08
48.703 -5628.0 2205.8 -75.2 120.39 1.08
48.753 -5633.0 2207.1 -74.7 120.39 1.08
48.803 -5636.4 2208.0 -74.3 120.05 0.74
48.853 -5641.0 2209.2 -74.3 117.00 -1.74
48.903 -5655.2 2213.0 -74.4 110.92 -4.46
48.953 -5674.1 2218.4 -74.5 102.09 -7.66
49.004 -5689.1 2223.2 -74.6 93.00 -10.88
49.054 -5698.9 2226.4 -74.6 91.50 -15.17
49.104 -5705.2 2228.4 -74.6 91.50 -15.73
49.154 -5710.1 2230.0 -74.6 91.50 -15.73
49.204 -5711.3 2230.4 -74.6 91.50 -15.73
49.254 -5711.7 2234.5 -73.5 91.50 -15.73
49.304 -5712.3 2254.3 -68.0 91.50 -15.73
49.354 -5714.3 2326.9 -47.5 91.50 -15.73
49.404 -5713.5 2300.5 -54.9 91.50 -15.73
49.454 -5714.1 2321.6 -49.0 89.48 -15.73
49.505 -5715.0 2354.3 -39.8 84.41 -15.73
49.555 -5715.3 2367.1 -36.2 76.32 -15.73
49.605 -5715.7 2379.9 -32.6 72.94 -15.73
49.655 -5715.9 2388.1 -30.3 72.94 -15.73
49.705 -5716.2 2394.6 -28.5 72.94 -15.73
49.755 -5718.5 2400.6 -27.0 72.94 -15.73
49.805 -5727.5 2419.0 -22.7 72.94 -15.73
49.855 -5734.2 2431.9 -19.8 72.94 -15.73
49.905 -5745.3 2452.9 -15.1 72.94 -15.73
49.956 -5754.9 2472.4 -10.6 71.90 -13.68
50.006 -5762.2 2487.4 -7.2 67.79 -10.44
50.056 -5764.5 2492.2 -6.1 60.65 -7.24
50.106 -5767.0 2497.2 -4.9 51.39 -4.03
50.156 -5768.4 2500.5 -4.2 41.82 -0.71
50.206 -5765.5 2508.1 -3.0 37.19 0.94
50.256 -5757.5 2520.5 -1.7 37.19 0.94
50.306 -5746.7 2532.9 -0.8 37.19 0.94
50.356 -5723.2 2555.7 -0.1 37.19 0.94
50.406 -5701.5 2574.2 0.0 37.19 0.94
50.457 -5674.9 2596.0 -0.1 37.19 0.94
50.507 -5661.2 2607.1 -0.3 37.19 0.94
50.557 -5632.0 2630.1 -0.6 34.90 0.94
50.607 -5644.0 2620.9 -0.4 31.13 0.94
50.657 -5636.3 2626.9 -0.5 23.33 0.94
50.707 -5626.8 2633.9 -0.7 12.19 0.81
50.757 -5543.9 2672.4 -2.1 12.19 0.81
50.807 -5576.4 2661.1 -1.6 12.19 0.81
50.857 -5555.8 2668.6 -1.9 12.19 0.81
50.907 -5526.1 2677.7 -2.4 12.19 0.81
50.958 -5507.8 2683.1 -2.7 12.19 0.81
51.008 -5496.9 2686.4 -2.8 12.19 0.81
51.058 -5488.2 2689.0 -3.0 12.19 0.81
51.108 -5485.1 2690.0 -3.0 12.19 0.81
51.158 -5471.0 2696.6 -3.2 12.19 0.81
51.208 -5453.8 2710.1 -3.5 12.19 0.81
51.258 -5437.6 2725.0 -3.8 12.19 0.81
51.308 -5415.8 2746.4 -4.1 12.19 0.81
51.358 -5401.4 2761.0 -4.4 12.19 0.81
51.408 -5384.3 2778.7 -4.7 11.81 0.81
51.459 -5360.4 2801.7 -5.1 8.52 0.81
51.509 -5334.9 2819.8 -5.5 2.23 0.81
51.559 -5305.4 2833.5 -5.9 -5.29 0.81
51.609 -5217.5 2850.9 -7.2 -5.29 0.81
51.659 -5187.7 2851.5 -7.6 -5.29 0.81
51.709 -5223.6 2850.3 -7.1 -5.29 0.81
51.759 -5194.9 2851.3 -7.5 -5.29 0.81
51.809 -5166.0 2851.0 -7.9 -5.29 0.81
51.859 -5074.3 2845.7 -9.2 -5.29 0.81
51.909 -5109.0 2848.2 -8.7 -5.08 0.81
51.960 -5080.6 2846.2 -9.1 -2.40 0.81
52.010 -4988.9 2839.7 -10.4 3.45 0.81
52.060 -4959.8 2839.3 -10.9 3.70 0.81
52.110 -4931.3 2839.8 -11.3 3.70 0.81
52.160 -4902.2 2840.7 -11.7 3.70 0.81
52.210 -4945.5 2839.5 -11.1 3.70 0.81
52.260 -4914.0 2840.3 -11.5 3.70 0.81
52.310 -4882.4 2841.6 -11.9 3.70 0.81
52.361 -4789.5 2846.7 -13.3 3.70 0.81
52.411 -4758.8 2848.6 -13.7 3.70 0.81
52.461 -4729.8 2850.4 -14.1 3.70 0.81
52.511 -4701.3 2852.2 -14.5 3.70 0.81
52.561 -4743.3 2849.6 -13.9 3.70 0.81
52.611 -4709.5 2851.7 -14.4 3.70 0.81
52.661 -4677.4 2853.8 -14.8 3.70 0.81
52.711 -4650.1 2855.5 -15.2 3.70 0.81
52.761 -4622.8 2857.3 -15.6 3.70 0.81
52.811 -4592.1 2859.2 -16.0 3.70 0.81
52.862 -4564.0 2861.1 -16.4 3.70 0.81
52.912 -4536.4 2862.8 -16.8 3.70 0.81
52.962 -4509.3 2864.6 -17.2 3.70 0.81
53.012 -4482.6 2866.3 -17.6 3.70 0.81
53.062 -4456.0 2868.0 -18.0 3.70 0.81
53.112 -4426.2 2870.0 -18.4 3.70 0.81
53.162 -4393.4 2872.1 -18.9 3.70 0.81
53.212 -4365.9 2873.8 -19.2 3.70 0.81
53.262 -4338.1 2875.7 -19.6 3.36 0.42
53.312 -4309.8 2877.5 -20.0 0.31 -2.39
53.362 -4280.4 2879.3 -20.4 -4.72 -4.54
53.413 -4252.5 2880.8 -20.5 -4.72 -4.54
53.463 -4223.9 2881.6 -20.0 -4.72 -4.54
53.513 -4194.8 2881.2 -18.9 -4.72 -4.54
53.563 -4166.5 2880.2 -17.3 -4.72 -4.54
53.613 -4138.6 2878.7 -15.6 -4.72 -4.54
53.663 -4109.1 2876.9 -13.5 -4.72 -4.54
53.713 -4081.3 2874.9 -11.5 -4.72 -4.54
53.763 -4053.0 2872.8 -9.4 -4.72 -4.54
53.813 -4023.9 2870.5 -7.1 -4.72 -4.54
53.863 -3995.6 2868.3 -4.9 -4.72 -4.54
53.913 -3967.4 2866.0 -2.7 -4.72 -4.54
53.964 -3938.1 2863.6 -0.4 -4.72 -4.54
54.014 -3842.7 2855.8 7.2 -4.72 -4.54
54.064 -3879.3 2858.8 4.3 -4.72 -4.54
54.114 -3853.8 2856.7 6.3 -4.72 -4.55
54.164 -3826.7 2854.5 8.4 -4.72 -6.40
54.214 -3730.6 2846.5 17.3 -4.72 -12.20
54.264 -3702.9 2844.3 21.7 -4.72 -16.73
54.314 -3675.0 2841.9 27.9 -4.72 -21.26
54.365 -3647.4 2839.7 35.8 -4.72 -23.04
54.415 -3682.8 2842.6 26.2 -4.72 -23.04
54.465 -3592.7 2835.2 55.1 -4.72 -23.04
54.515 -3627.9 2838.1 42.4 -4.72 -23.04
54.565 -3603.6 2836.1 51.0 -4.72 -23.04
54.615 -3583.3 2834.4 58.7 -4.72 -23.04
54.665 -3487.8 2826.5 97.6 -4.72 -23.04
54.715 -3462.1 2824.4 108.3 -4.72 -23.04
54.766 -3435.4 2822.2 119.5 -4.62 -21.04
54.816 -3408.9 2820.0 130.0 -4.36 -16.68
54.866 -3446.4 2823.1 114.9 -4.18 -13.70
54.916 -3418.7 2820.8 126.2 -3.90 -9.10
54.966 -3324.2 2813.7 154.0 -3.53 -3.10
55.016 -3368.2 2816.9 143.4 -3.35 -0.10
55.066 -3267.7 2810.0 160.3 -3.00 5.84
55.116 -3308.4 2812.6 156.1 -2.82 8.85
55.167 -3210.7 2806.8 158.2 -2.45 14.86
55.217 -3256.4 2809.3 160.3 -2.29 17.84
55.267 -3154.1 2804.1 147.2 -1.93 23.83
55.317 -3126.6 2803.0 138.5 -1.67 28.32
55.367 -3155.4 2804.2 147.1 -1.39 32.79
55.417 -3131.7 2803.2 140.2 -1.07 37.25
55.467 -3104.5 2800.2 129.7 1.23 41.40
55.517 -3085.5 2790.6 122.4 5.05 45.34
55.567 -3079.3 2779.8 121.1 8.91 49.33
55.618 -3101.8 2739.7 154.4 12.80 53.30
55.668 -3116.4 2732.1 174.2 16.67 57.26
55.718 -3131.4 2725.5 196.7 20.56 61.23
55.768 -3145.5 2719.4 220.7 24.43 65.18
55.818 -3157.9 2713.9 244.7 28.30 69.14
55.868 -3169.3 2708.5 270.5 32.15 70.00
55.918 -3179.5 2703.1 296.6 36.04 70.00
55.968 -3168.4 2708.8 268.9 40.04 70.00
56.018 -3177.5 2704.1 291.4 43.93 70.00
56.068 -3205.4 2685.2 376.2 48.15 70.00
56.119 -3195.6 2692.8 343.8 52.78 70.00
56.169 -3204.6 2685.8 373.7 52.78 70.00
56.219 -3213.1 2678.1 404.2 52.78 70.00
56.269 -3232.4 2656.6 483.3 52.78 70.00
56.319 -3226.3 2663.8 457.3 52.78 70.00
56.369 -3232.7 2656.2 484.4 52.78 70.00
56.419 -3250.6 2633.6 563.6 52.78 70.00
56.469 -3256.6 2625.9 590.4 52.78 70.00
56.519 -3249.5 2635.1 558.5 52.78 70.00
56.569 -3268.5 2610.4 644.0 52.78 70.00
56.620 -3274.7 2602.2 672.4 52.78 70.00
56.670 -3269.1 2609.7 646.6 52.78 70.00
56.720 -3273.5 2603.8 667.0 52.78 70.00
56.770 -3279.0 2596.6 691.6 52.78 70.00
56.820 -3298.2 2571.3 778.9 52.78 70.00
56.870 -3304.2 2563.4 806.3 52.78 70.00
56.920 -3297.1 2572.7 774.1 52.78 70.00
56.970 -3304.2 2563.5 805.9 52.78 70.00
57.020 -3310.3 2555.4 833.9 52.78 70.00
57.070 -3314.6 2549.8 853.1 52.78 70.00
57.121 -3321.1 2541.2 882.8 52.78 70.00
57.171 -3327.3 2533.0 911.1 52.78 70.00
57.221 -3333.2 2525.2 938.0 52.78 69.38
57.271 -3339.1 2517.6 964.4 52.78 65.93
57.321 -3345.0 2509.7 991.4 52.78 61.42
57.371 -3351.2 2501.6 1018.2 52.78 56.89
57.421 -3357.9 2492.8 1044.6 52.78 56.89
57.471 -3365.3 2483.1 1070.5 52.78 56.89
57.521 -3373.4 2472.4 1095.8 52.78 56.89
57.571 -3382.0 2461.1 1120.6 52.78 56.89
57.622 -3391.0 2449.2 1145.5 52.78 56.89
57.672 -3399.9 2437.5 1169.3 52.78 56.89
57.722 -3409.4 2425.0 1194.2 52.78 56.89
57.772 -3418.6 2412.8 1218.0 53.12 56.89
57.822 -3428.0 2400.5 1242.2 56.14 56.84
57.872 -3437.4 2388.1 1266.3 62.22 54.64
57.922 -3444.5 2378.6 1284.5 71.02 51.44
57.972 -3454.5 2364.2 1311.1 79.60 50.50
58.022 -3463.9 2348.7 1337.8 79.61 50.50
58.073 -3469.2 2337.6 1355.0 79.61 50.50
58.123 -3476.0 2318.7 1381.7 79.61 50.50
58.173 -3481.4 2300.7 1406.2 79.61 50.50
58.223 -3485.6 2283.6 1428.4 79.61 50.50
58.273 -3489.4 2266.8 1449.9 79.61 50.50
58.323 -3493.1 2249.4 1471.9 79.61 50.50
58.373 -3496.7 2231.6 1494.2 79.61 50.50
58.423 -3500.1 2214.0 1516.1 79.61 50.50
58.473 -3503.5 2196.0 1538.4 79.61 50.50
58.523 -3506.9 2178.1 1560.6 79.61 50.50
58.574 -3510.1 2160.6 1582.2 79.61 50.50
58.624 -3513.4 2142.8 1604.2 79.61 50.50
58.674 -3516.6 2125.6 1625.4 79.61 50.50
58.724 -3520.0 2107.2 1648.2 79.61 50.50
58.774 -3523.3 2089.6 1669.9 79.61 50.50
58.824 -3526.5 2071.8 1691.8 79.61 50.50
58.874 -3529.9 2053.4 1714.6 81.67 51.31
58.924 -3533.1 2035.8 1736.3 86.72 54.33
58.974 -3536.3 2017.8 1758.5 94.89 57.55
59.024 -3538.5 2004.1 1775.7 104.15 60.76
59.074 -3540.5 1985.3 1800.7 113.84 61.83
59.125 -3541.1 1966.9 1827.0 113.84 61.83
59.175 -3539.9 1951.8 1851.0 113.84 61.83
59.225 -3537.4 1937.8 1875.0 113.84 61.83
59.275 -3533.6 1923.9 1900.4 113.84 61.83
59.325 -3529.3 1910.6 1925.5 113.84 61.83
59.375 -3524.7 1898.0 1950.2 113.84 61.83
59.425 -3519.6 1885.1 1975.7 113.84 61.83
59.475 -3514.6 1872.9 2000.2 113.84 61.83
59.525 -3509.2 1860.0 2026.1 113.84 61.83
59.575 -3504.0 1847.8 2050.9 113.84 61.83
59.626 -3498.4 1834.9 2077.0 113.84 61.83
59.676 -3493.0 1822.7 2101.9 113.84 61.83
59.726 -3488.9 1813.2 2121.2 113.84 61.83
59.776 -3482.9 1799.6 2148.9 113.84 61.83
59.826 -3477.0 1786.1 2176.5 114.78 61.83
59.876 -3471.6 1773.9 2201.4 118.69 61.83
59.926 -3466.1 1761.6 2226.5 125.65 61.83
59.976 -3460.6 1749.6 2251.2 135.63 61.83
60.026 -3454.6 1737.7 2276.0 144.03 61.83
60.076 -3449.9 1728.9 2294.8 144.03 61.83
60.126 -3446.8 1723.0 2307.2 144.03 61.83
60.176 -3444.8 1719.3 2315.2 144.03 61.83
60.227 -3443.4 1716.8 2320.4 144.03 61.83
60.277 -3442.7 1715.4 2323.4 144.03 61.83
60.327 -3442.4 1714.8 2324.6 144.03 61.83
60.377 -3442.3 1714.7 2324.8 144.03 61.83
60.427 -3442.3 1714.7 2324.8 144.03 61.83
60.477 -3442.0 1714.5 2325.7 144.03 61.83
60.527 -3439.0 1712.3 2332.5 144.03 61.83
60.577 -3433.0 1707.9 2346.4 142.99 61.83
60.627 -3424.9 1702.1 2365.1 138.92 61.83
60.677 -3415.6 1695.3 2386.5 131.87 61.83
60.727 -3405.1 1687.3 2411.3 121.70 61.83
60.778 -3394.6 1678.5 2436.9 108.71 61.83
60.828 -3385.0 1669.1 2462.2 95.70 61.83
60.878 -3376.4 1658.2 2488.7 82.55 61.83
60.928 -3370.0 1647.0 2513.8 69.47 61.83
60.978 -3365.9 1635.2 2538.4 56.45 61.83
61.028 -3364.1 1622.4 2564.5 43.28 61.83
61.078 -3365.1 1609.8 2590.3 30.20 61.83
61.128 -3368.8 1598.0 2615.9 30.20 61.83
61.178 -3375.0 1587.1 2642.1 30.20 61.83
61.228 -3383.3 1577.4 2668.4 30.20 61.83
61.278 -3392.3 1569.2 2693.0 30.20 61.83
61.329 -3404.2 1559.9 2722.8 30.20 61.83
61.379 -3412.1 1554.4 2741.4 30.20 61.83
61.429 -3426.0 1545.4 2773.1 30.20 61.83
61.479 -3435.5 1539.4 2794.4 30.20 61.83
61.529 -3447.9 1531.8 2821.8 30.20 61.83
61.579 -3460.0 1524.5 2848.3 30.20 61.83
61.629 -3471.0 1518.0 2872.3 30.20 61.83
61.679 -3482.3 1511.4 2896.8 30.20 61.83
61.729 -3492.0 1505.6 2918.0 30.20 61.83
61.779 -3498.5 1501.8 2932.1 30.20 61.83
61.830 -3502.9 1499.2 2941.5 30.20 61.83
61.880 -3505.6 1497.7 2947.4 30.20 61.83
61.930 -3507.2 1496.7 2951.0 30.20 61.83
61.980 -3508.1 1496.2 2952.9 30.20 61.83
62.030 -3508.3 1496.1 2953.3 30.20 61.83
62.080 -3508.3 1496.0 2953.3 30.20 61.83
62.130 -3508.3 1496.0 2953.3 30.20 61.83
62.180 -3508.3 1496.0 2953.3 30.20 61.83
62.230 -3508.3 1496.0 2953.3 30.20 61.83
62.280 -3508.3 1496.0 2953.3 30.20 61.83
62.331 -3508.3 1496.0 2953.3 30.20 61.83
62.381 -3508.3 1496.0 2953.3 30.20 61.83
62.431 -3508.3 1496.0 2953.3 30.20 61.83
62.481 -3508.3 1496.0 2953.3 30.20 61.83
62.531 -3508.3 1496.0 2953.3 30.20 61.83
62.581 -3508.3 1496.0 2953.3 30.20 61.83
62.631 -3508.3 1496.0 2953.3 30.20 61.83
62.681 -3508.3 1496.0 2953.3 30.20 61.83
62.732 -3508.3 1496.0 2953.3 30.20 61.83
62.782 -3508.3 1496.0 2953.3 30.20 61.83
62.832 -3508.3 1496.0 2953.3 30.20 61.83
62.882 -3508.3 1496.0 2953.3 30.20 61.83
62.932 -3508.3 1496.0 2953.3 30.20 61.83
62.982 -3508.3 1496.0 2953.3 30.20 61.83
63.032 -3508.3 1496.0 2953.3 30.20 61.83
63.082 -3508.3 1496.0 2953.3 30.20 61.83
63.133 -3508.3 1496.0 2953.3 30.20 61.83
63.183 -3508.3 1496.0 2953.3 30.20 61.83
63.233 -3508.3 1496.0 2953.3 30.20 61.83
63.283 -3508.3 1496.0 2953.3 30.20 61.83
63.333 -3508.3 1496.0 2953.3 30.20 61.83
63.383 -3508.3 1496.0 2953.3 30.20 61.83
63.433 -3508.3 1496.0 2953.3 30.20 61.83
63.483 -3508.3 1496.0 2953.3 30.20 61.83
63.533 -3508.3 1496.0 2953.3 30.20 61.83
63.583 -3508.3 1496.0 2953.3 30.20 61.83
63.634 -3508.3 1496.0 2953.3 30.20 61.83
63.684 -3508.3 1496.0 2953.3 30.20 61.83
63.734 -3508.3 1496.0 2953.3 30.20 61.83
63.784 -3508.3 1496.0 2953.3 30.20 61.83
63.834 -3508.3 1496.0 2953.3 30.20 61.83
63.884 -3508.3 1496.0 2953.3 30.20 61.83
63.934 -3508.3 1496.0 2953.3 30.20 61.83
63.984 -3508.3 1496.0 2953.3 30.20 61.83
64.034 -3508.3 1496.0 2953.3 30.20 61.83
64.084 -3508.3 1496.0 2953.3 30.20 61.83
64.135 -3508.3 1496.0 2953.3 30.20 61.83
64.185 -3508.3 1496.0 2953.3 30.20 61.83
64.235 -3508.3 1496.0 2953.3 30.20 61.83
64.285 -3508.3 1496.0 2953.3 30.20 61.83
64.335 -3508.3 1496.0 2953.3 30.20 61.83
64.385 -3508.3 1496.0 2953.3 30.20 61.83
64.435 -3508.3 1496.0 2953.3 30.20 61.83
64.485 -3508.3 1496.0 2953.3 30.20 61.83
64.535 -3508.3 1496.0 2953.3 30.20 61.83
64.585 -3508.3 1496.0 2953.3 30.20 61.83
64.636 -3508.3 1496.0 2953.3 30.20 61.83
64.686 -3508.3 1496.0 2953.3 30.20 61.83
64.736 -3508.3 1496.0 2953.3 30.20 61.83
64.786 -3508.3 1496.0 2953.3 30.20 61.83
64.836 -3508.3 1496.0 2953.3 30.20 61.83
64.886 -3508.3 1496.0 2953.3 30.20 61.83
64.936 -3508.3 1496.0 2953.3 30.20 61.83
64.986 -3508.3 1496.0 2953.3 30.20 61.83
65.036 -3508.3 1496.0 2953.3 30.20 61.83
65.086 -3508.3 1496.0 2953.3 30.20 61.83
65.137 -3508.3 1496.0 2953.3 30.20 61.83
65.187 -3508.3 1496.0 2953.3 30.20 61.83
65.237 -3508.3 1496.0 2953.3 30.20 61.83
65.287 -3508.3 1496.0 2953.3 30.20 61.83
65.337 -3508.3 1496.0 2953.3 30.20 61.83
65.387 -3508.3 1496.0 2953.3 30.20 61.83
