# x y z yaw pitch -- recorded route, replay with MW2_WALK_PATH; `left`/`fire` lines are presses
787.3 7324.7 252.1 270.0 0.0
787.3 7224.5 252.1 270.0 0.0
787.3 7116.5 252.1 270.0 0.0
787.3 7007.4 252.1 270.0 0.0
787.3 6899.6 252.1 270.0 0.0
787.3 6809.6 252.1 270.0 0.0
781.0 6718.1 252.1 269.7 360.0
754.1 6617.7 252.1 270.0 0.0
754.1 6509.5 252.1 270.0 0.0
754.1 6419.4 252.1 270.0 0.0
701.0 6343.5 252.1 260.3 5.2
641.8 6272.7 252.1 232.3 9.9
555.2 6209.4 252.1 201.5 7.0
470.4 6178.5 252.4 200.8 5.2
389.8 6137.1 252.1 240.4 0.6
337.9 6062.5 251.2 240.3 0.0
306.9 5977.8 252.3 262.5 0.0
295.2 5888.3 252.8 262.5 0.0
281.3 5799.1 252.8 262.5 358.0
268.8 5690.6 251.0 261.8 0.6
254.1 5584.0 252.8 262.5 0.0
241.1 5491.6 252.1 262.5 0.0
229.0 5402.0 252.1 262.5 0.0
215.6 5301.5 252.1 262.5 0.0
212.3 5200.2 252.9 277.8 0.0
218.7 5109.8 252.7 277.8 0.0
248.3 5011.2 252.1 300.6 0.0
299.9 4936.6 252.1 11.1 0.0
363.3 4858.7 252.1 280.1 0.0
364.4 4751.1 252.1 269.1 0.0
360.7 4660.8 252.1 269.1 0.0
362.2 4570.8 250.1 276.3 0.0
368.2 4480.4 250.1 276.3 0.0
375.6 4376.1 258.1 276.3 0.0
378.2 4283.9 258.1 288.4 0.0
348.6 4180.2 258.1 310.6 0.0
414.6 4109.1 262.9 342.8 0.6
505.1 4103.9 262.1 342.8 0.6
597.9 4104.9 263.2 297.0 0.6
596.2 4001.5 262.6 269.5 0.6
600.1 3911.2 262.6 282.3 0.8
618.6 3811.4 262.4 282.4 0.6
612.2 3715.3 263.4 270.5 0.7
610.2 3625.0 263.3 270.5 0.7
611.4 3534.8 262.6 270.4 0.7
610.4 3444.5 261.6 270.5 0.7
612.0 3354.3 261.9 270.5 0.7
611.6 3261.1 262.6 269.7 359.2
610.5 3156.1 263.2 266.9 1.1
611.7 3063.3 262.6 268.1 3.3
611.8 2972.2 262.6 269.4 4.3
611.8 2868.6 129.2 270.5 0.8
612.6 2765.7 100.1 305.8 0.8
639.4 2661.2 100.1 53.7 0.8
701.0 2581.3 100.1 88.8 0.8
808.0 2590.5 100.1 48.5 0.8
895.9 2613.6 99.0 48.6 0.8
964.5 2678.5 100.1 48.2 0.2
1037.6 2757.9 100.1 45.3 0.9
1078.0 2857.0 100.1 46.1 3.3
1129.6 2932.3 100.1 65.3 4.3
1218.6 2989.4 100.9 83.3 1.2
1284.5 3074.8 100.1 107.9 0.8
1304.1 3164.9 100.1 76.9 0.8
1337.8 3248.4 100.1 37.6 0.8
1408.4 3308.5 100.1 37.6 0.8
1493.8 3375.7 100.1 37.6 0.8
1575.5 3439.9 100.1 37.6 0.8
1664.8 3500.3 100.1 60.9 0.8
1729.6 3587.1 100.1 65.1 0.8
1783.3 3690.4 100.1 64.1 0.8
1865.4 3754.1 112.1 30.4 0.8
1959.7 3809.9 108.1 79.0 0.8
1967.9 3909.0 108.1 21.6 0.8
2049.4 3948.1 108.1 9.3 0.8
2137.5 3968.0 108.1 9.3 0.8
2226.8 3983.1 108.1 9.3 0.8
2317.5 3985.2 108.1 52.1 0.8
2390.5 4038.8 108.1 88.4 0.8
2404.4 4128.1 107.0 88.4 0.8
2410.5 4220.5 108.1 88.4 0.8
2425.2 4317.5 182.4 88.4 0.8
2428.5 4416.8 252.5 120.1 0.8
2407.2 4505.0 251.4 154.6 0.8
2320.9 4564.5 252.6 178.2 0.8
2227.4 4572.4 252.1 155.8 0.8
2142.0 4632.0 251.3 107.2 0.8
2115.2 4721.6 252.1 76.4 0.8
2129.2 4811.0 252.1 76.4 0.8
2161.7 4895.5 252.1 49.3 0.8
2217.8 4966.4 252.1 49.3 0.8
2294.7 5028.0 251.5 163.3 0.8
2213.1 4965.2 252.9 189.5 0.8
2123.2 4939.3 252.1 189.5 0.8
2034.2 4924.3 252.1 180.1 0.8
1943.8 4922.3 252.1 180.1 0.8
1853.2 4922.3 252.1 180.1 0.8
1763.0 4925.7 252.1 166.8 0.8
1656.4 4945.4 252.1 172.5 0.8
1569.0 4968.2 252.1 186.5 0.8
1487.5 5007.5 252.1 186.5 0.8
1396.9 5001.0 252.1 138.1 0.8
1306.3 5001.2 252.1 118.1 0.8
1246.7 5071.3 252.1 95.8 0.8
1250.5 5178.8 252.1 95.8 0.8
1250.1 5269.7 252.1 95.8 0.8
1243.5 5377.4 252.1 122.6 0.8
1200.4 5462.2 252.1 144.5 0.8
1159.5 5561.4 252.1 137.4 0.8
1093.2 5623.8 252.1 106.0 0.8
1036.6 5716.4 252.1 124.3 0.8
987.7 5811.0 252.1 124.3 0.8
948.6 5911.1 252.1 92.2 0.8
936.0 6018.9 251.2 35.2 0.8
937.3 6110.7 252.4 264.2 0.8
920.4 6214.4 252.7 123.5 0.8
